State,Date,Precipitation (mm/day),Atmospheric Pressure(mB),Global Radiation - Daylight (Kj/m²),Air Temperature - Dry Bulb (°C),Dew Point Temperature (°C),Air Relative Humidity (%),Wind Gust (m/s)
Distrito Federal,2001,1.6358900144718012,887.5955079908676,1494.7865810135618,21.161061643835616,13.862962328767123,66.08025114155251,2.4495262557077626
Distrito Federal,2002,2.400545454545466,887.613852739726,1504.1471627030846,21.799583333333334,13.502414383561643,62.80422374429224,2.566809360730593
Distrito Federal,2003,2.054209445585217,888.0023287671233,1471.9983978027008,21.430941780821918,13.77218607305936,65.02985159817352,2.552077625570776
Distrito Federal,2004,1.9694444444444532,891.3260188979964,1303.0150364203953,21.191359289617484,13.941689435336977,68.18249089253187,2.6041097449908923
Distrito Federal,2005,2.416398243045396,887.1951883561643,6473.896693351879,21.351187214611876,14.477574200913242,68.24326484018265,2.5396746575342464
Distrito Federal,2006,2.5816380449141376,887.2232648401827,1430.4154088758767,20.893984018264838,14.66814497716895,70.3310502283105,2.350679223744292
Distrito Federal,2007,2.3546038543897247,887.275656392694,1543.5991591059992,21.754720319634703,13.175833333333333,61.99332191780822,2.6394349315068495
Distrito Federal,2008,2.287227866473158,886.867685564663,2995.1635278802355,21.1761839708561,13.342321265938068,65.01889799635701,2.3146857923497266
Distrito Federal,2009,2.4977941176470644,886.9758732876712,1380.7724961981305,21.295907534246574,15.333578767123287,71.40582191780823,2.199497716894977
Distrito Federal,2010,2.3716337522441733,886.7259189497717,1526.641723756904,21.73499429223744,13.718584474885844,64.20148401826484,2.553921232876712
Distrito Federal,2011,2.1778774289985106,886.4763869863015,1472.543200859291,21.06212899543379,13.48138698630137,66.48812785388128,2.502054794520548
Distrito Federal,2012,2.3684782608695705,887.0937158469945,1486.5691088260517,21.285991575591986,13.54031762295082,65.36976320582878,2.448582650273224
Distrito Federal,2013,2.3256559766763942,886.9505251141552,1444.8743769968025,21.26541095890411,14.243961187214612,67.93002283105022,2.4107876712328773
Distrito Federal,2014,2.5738219895288026,887.4526940639269,1500.070038412293,21.37123287671233,13.310376712328766,64.64063926940639,2.2221004566210043
Distrito Federal,2015,2.1349609375000087,887.5752111872146,1503.1722317596634,21.992254566210043,13.560279680365298,64.08344748858447,2.2599143835616435
Distrito Federal,2016,2.401684210526324,887.7959016393443,1508.9854622741734,22.04496243169399,13.542235883424407,62.25802595628415,2.34324339708561
Distrito Federal,2017,2.4240150093808692,887.7061757990867,1504.2850192061437,21.474417808219176,12.83236301369863,62.11906392694064,2.4077625570776258
Distrito Federal,2018,2.7719869706840496,887.5653824200913,1471.7645886889466,21.264543378995434,13.795662100456621,66.04840182648402,2.209046803652968
Distrito Federal,2019,2.823505154639181,887.8774257990867,1518.714078498294,21.973059360730595,13.769800228310501,64.03915525114155,2.1888356164383564
Distrito Federal,2020,2.2619799139167913,887.6716416211293,1465.464091196962,21.34896402550091,13.960006830601092,67.10519125683061,2.2503756830601094
Distrito Federal,2021,3.5125000000000064,887.2117237442923,1499.9494934253055,21.22353881278539,13.465502283105023,65.53972602739726,2.10425799086758
