State,Date,Precipitation (mm/day),Atmospheric Pressure(mB),Global Radiation - Daylight (Kj/m²),Air Temperature - Dry Bulb (°C),Dew Point Temperature (°C),Air Relative Humidity (%),Wind Gust (m/s)
Pernambuco,2005,2.2334586466165414,1012.4432248858448,1737.9749243406811,25.968972602739726,20.99068493150685,75.12562785388128,2.044212328767123
Pernambuco,2006,1.92805755395683,1012.3751769406393,1807.817531718571,25.907585616438357,20.872323059360728,74.40325342465754,2.4512728310502285
Pernambuco,2007,1.780290791599356,1012.7687842465755,1770.6664687168625,25.41958904109589,20.679406392694066,76.07243150684931,3.5898116438356165
Pernambuco,2008,2.2020706455542074,1011.9292577413479,1728.7786133959992,25.61896061020036,20.80717213114754,71.51417349726776,1.8611737249544624
Pernambuco,2009,1.981676413255375,1012.5944805936074,1469.5569470879323,26.109092465753424,21.703869863013697,77.92716894977168,1.4886986301369867
Pernambuco,2010,1.730069238377853,1012.0649257990867,1408.851084438825,25.96681506849315,21.77341894977169,78.837899543379,1.7459988584474884
Pernambuco,2011,2.235889570552127,1011.9541894977168,1374.4287141339032,25.567197488584473,22.979035388127855,86.71141552511415,1.709708904109589
Pernambuco,2012,1.7222936763129788,1013.0443875227687,1441.6348109243736,25.585769581056464,21.182149362477233,77.7944558287796,1.810257285974499
Pernambuco,2013,1.952426412092284,1012.7379394977169,1422.8988732993198,25.83694634703196,21.17970890410959,76.91147260273972,1.6439440639269405
Pernambuco,2014,1.7235963581183626,1013.1833276255707,1534.885632427844,25.463647260273973,20.221792237442923,74.10525114155251,1.445936073059361
Pernambuco,2015,1.7755813953488497,1013.4534817351598,1848.8978506065157,25.963339041095892,20.51230593607306,72.40211187214612,1.3958618721461185
Pernambuco,2016,1.5446247464503169,1013.3449453551913,1828.1535714285696,26.042036657559198,21.326793032786885,76.37739071038251,1.6123064663023678
Pernambuco,2017,1.6219563687543905,1012.9584132420091,1790.2356006104171,25.833921232876712,21.80798515981735,79.63869863013699,1.6520376712328766
Pernambuco,2018,1.4426258992805858,1012.9400171232877,1860.3215274676204,25.84663812785388,21.043310502283106,76.02026255707763,1.5355593607305935
Pernambuco,2019,1.717904290429048,1012.9214155251141,1534.1731934731943,25.954577625570778,21.48755707762557,77.60473744292237,1.8291210045662099
Pernambuco,2020,1.6038722168441568,1012.6070639799635,1578.670578408852,26.32519922586521,21.56406534608379,76.28864981785064,3.1643670309653915
Pernambuco,2021,1.0352799033426416,1012.3724657534248,1487.3104328793772,25.534115296803655,22.2689497716895,83.5212899543379,1.2813584474885846
