State,Date,Precipitation (mm/day),Atmospheric Pressure(mB),Global Radiation - Daylight (Kj/m²),Air Temperature - Dry Bulb (°C),Dew Point Temperature (°C),Air Relative Humidity (%),Wind Gust (m/s)
Tocantins,2005,2.8968253968254043,978.4565867579907,1396.565885596137,27.344023972602738,18.547819634703195,62.86815068493151,1.9310502283105022
Tocantins,2006,3.7712146422628967,978.8529280821919,1350.8988602689783,26.81339611872146,18.681712328767123,64.8615296803653,1.6923972602739723
Tocantins,2007,3.5288503253796186,978.5705308219177,1383.010006700916,27.478093607305937,17.357020547945204,58.972945205479455,1.955730593607306
Tocantins,2008,2.951890034364269,978.4722336065573,1310.0678315606672,26.94100068306011,17.569154143897997,61.6791325136612,1.632957650273224
Tocantins,2009,2.7200557103064176,978.7186301369862,1285.163287791982,26.712248858447488,19.212956621004565,66.94343607305936,1.5102739726027397
Tocantins,2010,3.3827915869980996,978.2943664383562,1355.6197557784587,27.780262557077627,17.767916666666668,59.55245433789954,1.8465867579908677
Tocantins,2011,1.8732166890982507,978.3223515981736,1337.165403543305,26.76834474885845,17.756826484018262,62.907477168949775,1.6966381278538811
Tocantins,2012,2.445315161839867,978.8162739071039,1332.5764958283692,27.43259335154827,17.498275273224046,59.865380236794174,1.5829576502732228
Tocantins,2013,2.945958083832347,978.6149600456622,1327.207113912655,27.362602739726025,18.520182648401825,62.708276255707766,1.4104566210045661
Tocantins,2014,2.9651205936920313,979.0672659817352,1344.1817632579985,26.997265981735158,18.873390410958905,65.49172374429224,1.3613013698630136
Tocantins,2015,3.1505319148936204,979.1195890410959,1377.0551127425306,28.068378995433786,18.635639269406393,61.93938356164384,1.5575570776255712
Tocantins,2016,23.076091954023337,979.048343579235,1441.6604142151075,28.09912340619308,18.479149590163935,61.21920537340619,1.5555441712204008
Tocantins,2017,3.302032520325213,978.9217351598174,1394.6125272331205,27.64033105022831,17.873675799086758,61.08321917808219,1.6016552511415525
Tocantins,2018,3.3340350877193075,979.0724543378994,1358.2896289867624,27.140696347031962,18.695582191780822,64.55216894977168,1.3011757990867578
Tocantins,2019,3.187353629976585,979.2711757990868,1369.5276620370396,27.685844748858447,18.86269406392694,63.423858447488584,1.475890410958904
Tocantins,2020,2.8250865051903147,978.9483663479052,1421.9757814207678,27.8206397996357,18.563763661202188,61.85086520947177,1.3742087887067393
Tocantins,2021,3.0448076923077023,978.7229223744293,1349.7478119935156,27.35091324200913,18.602996575342466,62.60936073059361,0.9806164383561646
