State,Date,Precipitation (mm/day),Atmospheric Pressure(mB),Global Radiation - Daylight (Kj/m²),Air Temperature - Dry Bulb (°C),Dew Point Temperature (°C),Air Relative Humidity (%),Wind Gust (m/s)
Amazonia,2001,2.8705284552845436,1004.1096632420092,1471.4098406485882,26.739383561643837,22.86841324200913,80.70045662100456,1.1786643835616422
Amazonia,2002,2.825931677018653,1004.3224200913243,1501.783810143043,27.40259703196347,23.403110730593607,79.72779680365296,1.3269292237442918
Amazonia,2003,1.3109619686800895,1004.180348173516,1425.8487804878048,28.499811643835613,23.679052511415524,76.15947488584474,1.4295148401826485
Amazonia,2004,2.0188186813186872,1004.1489298724954,1401.0028139289484,27.073474499089254,23.370042122040076,80.85040983606558,1.3288194444444443
Amazonia,2005,2.5859712230215885,1004.3938641552511,1415.6840509666088,29.536575342465753,22.644469178082193,67.2574200913242,1.4558618721461183
Amazonia,2006,2.7906290115532886,1003.9012842465753,1408.632050384886,27.96086187214612,23.656535388127853,78.78955479452055,1.1346404109589043
Amazonia,2007,3.683146067415746,1003.88174086758,1357.5113946326437,27.850690639269406,23.724863013698627,79.46775114155251,1.023533105022831
Amazonia,2008,3.613764510779439,1003.9659039162113,1301.8510977337091,28.423639571949,23.97354849726776,77.91535746812386,1.025387067395264
Amazonia,2009,0.5999999999999467,998.6045205479452,1706.17,31.680707762557077,21.453772831050227,55.087785388127855,2.546563926940639
Amazonia,2010,3.022105263157906,1004.970901826484,1413.711121880301,27.703915525114155,23.2225399543379,78.30011415525114,1.6369634703196345
Amazonia,2011,3.334146341463416,1003.9944178082192,1246.6994971578501,27.47433789954338,22.22924657534247,75.35205479452055,1.4068036529680366
Amazonia,2012,3.619015280135828,1004.2124886156648,1268.7914745541552,27.40948884335155,22.11284722222222,75.04035746812386,1.377037795992714
Amazonia,2013,3.211275167785235,1004.318801369863,1237.4345730633806,27.512916666666666,22.393852739726025,75.78002283105023,1.4042808219178082
Amazonia,2014,3.160416666666669,1004.5177168949771,1250.4065852594817,27.679149543378998,22.53594178082192,75.32825342465753,1.5202454337899545
Amazonia,2015,3.197021276595754,1004.5683561643837,1296.596385804484,28.494771689497718,22.215468036529682,70.83573059360731,1.584423515981735
Amazonia,2016,3.240253565768627,1004.6801969489982,1266.4161290322531,28.271937613843352,22.64645947176685,73.01844262295081,1.5056523224043716
Amazonia,2017,3.2765667574932102,1004.5950970319635,1238.1224659938564,27.761227168949773,22.536392694063927,74.72271689497717,1.4128310502283106
Amazonia,2018,2.932110091743131,1004.8299315068492,1201.986433121017,27.74748287671233,22.240896118721462,73.6287100456621,1.3587899543378996
Amazonia,2019,3.3744493392070543,1004.9116894977169,1170.9664920411021,27.71586187214612,22.215462328767124,73.50388127853881,1.3470890410958904
Amazonia,2020,4.002418207681381,1004.769330601093,1118.5746800922998,27.921334244080146,22.495878870673952,74.11868169398907,1.2991803278688523
Amazonia,2021,3.2657051282051226,1004.7788926940639,1042.91519121065,27.206946347031963,22.523036529680365,77.04149543378995,1.275028538812785
