State,Date,Precipitation (mm/day),Atmospheric Pressure(mB),Global Radiation - Daylight (Kj/m²),Air Temperature - Dry Bulb (°C),Dew Point Temperature (°C),Air Relative Humidity (%),Wind Gust (m/s)
Pará,2004,2.5428037383177498,1009.0884448998179,11685.582226762002,27.43830828779599,23.082946265938066,78.5059767759563,1.078398224043716
Pará,2005,3.164555848724708,1008.545359589041,13915.725100671141,27.462460045662098,23.11364726027397,78.40679223744293,1.112996575342466
Pará,2006,3.5281391830559845,1009.1530536529681,14429.667437252312,27.02392694063927,23.6789497716895,82.65091324200914,0.8424942922374429
Pará,2007,2.961674008810488,1008.4773744292238,12747.8364289994,27.207003424657533,23.205519406392696,79.86546803652968,1.3748458904109595
Pará,2008,2.5006216696269914,1008.3646971766849,1503.5151530231053,27.0220514571949,22.830168488160293,79.17822176684882,1.2808060109289614
Pará,2009,2.756552819698161,1008.6448287671232,1249.026519457806,26.652785388127853,22.8699600456621,80.97214611872145,1.0793550228310502
Pará,2010,3.0473002159827147,1008.0669006849316,1275.4182652392374,27.15583904109589,23.245011415525113,80.43447488584475,0.9860445205479452
Pará,2011,3.012799263351734,1008.2123173515982,1270.1927403531718,26.67664383561644,22.737340182648403,80.18875570776255,0.9405308219178083
Pará,2012,3.286509635974298,1008.7557490892532,1215.4845966850824,26.585991575591986,22.63294057377049,80.11515255009107,0.8803221766848816
Pará,2013,3.14932362122788,1008.6856506849316,1209.4424064403877,26.780667808219178,22.927494292237444,80.60787671232876,0.8508390410958904
Pará,2014,3.0099420849420726,1009.1259417808219,1164.3991063644278,26.700296803652968,22.811124429223746,80.5236301369863,0.7296518264840182
Pará,2015,3.1352941176470503,1009.3091666666668,1104.995218340612,26.947163242009132,22.779988584474886,79.37340182648401,0.7549885844748858
Pará,2016,2.873265306122437,1009.1680214025502,1104.5127222103238,27.12024704007286,23.179627732240437,80.28779599271402,0.743226320582878
Pará,2017,3.2923618090452096,1008.8931906392694,1096.1751253989944,26.88560502283105,22.889252283105023,80.2458904109589,0.7173173515981734
Pará,2018,3.725177935943044,1009.1139783105021,1089.8048697137974,26.589423515981736,22.776101598173515,80.82026255707763,0.666181506849315
Pará,2019,3.753737906772194,1009.1677226027397,788.3576945582217,26.811118721461188,23.094463470319635,81.23110730593608,0.7229452054794521
Pará,2020,3.567529741077652,1008.9547472677596,990.1694969108522,26.8052424863388,22.958953779599273,80.7970742258652,0.7293658925318761
Pará,2021,3.7365768896611438,1008.6374600456621,957.4139622641517,26.857191780821918,23.71396689497717,84.1031392694064,0.7012671232876712
