State,Date,Precipitation (mm/day),Atmospheric Pressure(mB),Global Radiation - Daylight (Kj/m²),Air Temperature - Dry Bulb (°C),Dew Point Temperature (°C),Air Relative Humidity (%),Wind Gust (m/s)
Alagoas,2004,1.9688562596599644,1004.4094717668489,520.4814542783695,25.46161202185792,21.352214253187615,79.31124772313296,2.566268214936247
Alagoas,2005,1.5120593692022388,1004.1362785388129,13251.357949959645,26.022168949771686,21.36263698630137,76.7818493150685,2.7857363013698633
Alagoas,2006,1.4770631067961195,1003.752305936073,11005.089876378222,25.84497716894977,21.686729452054795,79.13607305936073,3.0320034246575345
Alagoas,2007,0.0,0.0,0.0,0.0,0.0,0.0,0.0
Alagoas,2008,1.0415094339622646,1007.0674521857924,1827.731968390808,27.47261498178506,18.53258765938069,59.30925546448088,4.16168602003643
Alagoas,2009,1.9645907473309632,1004.3489326484018,1573.2013504958848,25.523538812785386,21.31522831050228,78.88944063926941,2.743093607305936
Alagoas,2010,1.7116575591985521,1004.4615867579909,1501.671211490428,25.475513698630138,21.394697488584473,79.24143835616438,2.689052511415525
Alagoas,2011,1.7230061349693264,1004.3582705479452,1557.4093654356261,25.149069634703196,21.149697488584476,79.59697488584474,2.674794520547945
Alagoas,2012,1.4144705882353008,1005.4118112477231,894.5306413730807,25.140277777777776,20.50864071038251,76.67087887067396,2.77533014571949
Alagoas,2013,1.6027223230490135,1005.0131392694063,1520.9477139261728,25.418458904109592,21.125131278538813,78.29206621004566,2.7327511415525114
Alagoas,2014,1.4495270851246864,1005.5295776255707,1500.2685791779718,25.165262557077625,21.03130707762557,78.92574200913242,2.579138127853881
Alagoas,2015,1.4247967479674866,1005.7178938356165,1558.5681029073376,25.563755707762557,21.031409817351598,77.26609589041095,2.677739726027397
Alagoas,2016,1.3662542182227304,1005.6923497267759,1498.2527325823958,25.603904826958107,21.15514571948998,77.51218123861567,2.675409836065574
Alagoas,2017,1.7817021276595675,1005.4379737442923,1442.8664065708408,25.405924657534246,21.123989726027396,78.27214611872147,2.745154109589041
Alagoas,2018,1.6731535756154856,1005.2965068493152,1538.6235369500193,25.36114726027397,21.170142694063927,78.73858447488584,2.644537671232877
Alagoas,2019,1.4551196172248897,1005.3358675799086,1495.9895315091217,25.686301369863013,21.425730593607305,78.49954337899544,2.475502283105023
Alagoas,2020,0.4895522388059699,1004.2245503187613,1633.2647122692752,28.445799180327867,21.447649134790527,67.14520719489981,3.6025671675774134
Alagoas,2021,0.8176870748299295,1004.8045776255707,1417.383471416734,25.481746575342466,0.0,0.0,2.5229965753424657
