State,Date,Precipitation (mm/day),Atmospheric Pressure(mB),Global Radiation - Daylight (Kj/m²),Air Temperature - Dry Bulb (°C),Dew Point Temperature (°C),Air Relative Humidity (%),Wind Gust (m/s)
Paraná,2004,0.0,0.0,0.0,0.0,0.0,0.0,0.0
Paraná,2005,1.8471135940409638,913.6424771689498,1040.3274253731342,19.157351598173516,12.35236301369863,67.26295662100456,2.5345890410958907
Paraná,2006,1.111888111888124,912.9893550228311,1127.25139337049,17.829309360730594,12.837831050228312,74.88053652968037,2.474195205479452
Paraná,2007,2.0206119162640954,912.9686130136986,1226.9766332856461,18.543715753424657,13.465878995433789,74.8986301369863,2.439777397260274
Paraná,2008,1.8288697788697965,912.6746072404371,1214.5102741358764,17.358407331511838,13.087164162112932,78.38615664845173,2.2247666211293264
Paraná,2009,0.9205621301775324,912.1022831050228,1298.6319642857163,18.20392694063927,14.317956621004567,80.07985159817352,2.117123287671233
Paraná,2010,0.9875000000000026,912.591546803653,1250.74786304031,17.846061643835615,13.93671803652968,80.08116438356164,2.120850456621005
Paraná,2011,1.687684729064053,912.3123230593608,1124.7335711197559,17.220228310502286,11.908110730593608,73.30182648401826,1.9986757990867576
Paraná,2012,1.5618223760092353,912.8630464480874,1222.797574586819,18.119751821493622,12.628045309653917,72.88740892531877,2.014691484517304
Paraná,2013,1.6122727272727362,912.7951940639269,1159.2200130378087,17.484280821917807,12.19310502283105,73.53955479452055,1.8338869863013696
Paraná,2014,1.5964148527528923,913.1761301369863,1210.3497279651788,18.610171232876713,12.390565068493151,70.15696347031964,1.7194006849315069
Paraná,2015,1.7151624548736621,912.9904737442922,1095.3203526662423,18.542905251141555,14.350245433789954,78.95045662100456,1.806780821917808
Paraná,2016,2.142293906810045,913.1433857012751,1184.9777777777795,17.7533014571949,13.014907786885248,74.79866803278688,1.9949624316939896
Paraná,2017,1.8877883310719181,913.3879280821918,1172.166010810812,18.248550228310503,13.346592465753428,73.0958904109589,2.0008561643835616
Paraná,2018,1.9961073825503453,913.0577910958904,1186.9493835171997,18.22455479452055,13.565719178082194,72.92528538812785,1.8479509132420089
Paraná,2019,1.9841095890411078,913.4031792237442,1181.8470134874765,18.7189497716895,13.957659817351598,73.5314497716895,1.7319406392694061
Paraná,2020,1.8205240174672523,913.0835097905282,1268.5481951009901,18.190750227686703,13.143055555555557,72.40898224043715,1.84573087431694
Paraná,2021,1.6565104166666742,912.8949771689498,1120.6828966986138,17.793886986301366,14.531649543378995,64.5634703196347,1.8080022831050224
