State,Date,Precipitation (mm/day),Atmospheric Pressure(mB),Global Radiation - Daylight (Kj/m²),Air Temperature - Dry Bulb (°C),Dew Point Temperature (°C),Air Relative Humidity (%),Wind Gust (m/s)
Piauí,2005,0.0,1001.2560216894977,894.0058282208585,30.15428082191781,22.184023972602738,66.3873287671233,1.3925
Piauí,2006,0.0,1004.8059874429223,1581.8635377102548,26.079868721461185,21.49671232876712,76.61135844748858,1.5923801369863013
Piauí,2007,3.32,1000.8079109589042,1758.097511312218,35.1263299086758,22.40890410958904,39.10154109589041,1.8100570776255704
Piauí,2008,3.100000000000006,1002.0533128415301,1539.951267357286,27.470696721311477,20.992435109289616,70.00091074681238,1.215255009107468
Piauí,2009,3.8439137134052435,1002.3882248858447,1472.5014617940199,26.943966894977173,21.24152397260274,73.99423515981735,1.166095890410959
Piauí,2010,2.4008108108108126,1001.8229052511416,1567.5835314458652,27.89482305936073,20.887796803652964,69.47071917808219,1.1588299086757983
Piauí,2011,2.7212435233160623,1002.8236415525114,1508.1146233848087,27.41168378995434,22.07915525114155,74.20787671232877,1.2276655251141553
Piauí,2012,2.6109022556390946,1002.1472222222221,1567.3614620141332,28.080510018214934,19.907758424408016,65.43323087431693,1.2090903916211295
Piauí,2013,1.9435064935064825,1002.4929794520548,1298.4776988984102,28.162762557077624,20.532808219178083,67.2087899543379,1.2412442922374431
Piauí,2014,2.417422434367546,1003.2143207762556,1310.1603928393822,27.895473744292236,20.298681506849316,67.26301369863013,1.2733333333333343
Piauí,2015,1.8369863013698637,1003.0219063926941,1239.3628486267824,28.165068493150685,19.810416666666665,65.37100456621005,1.2711929223744292
Piauí,2016,2.1546961325966905,1002.9291211293261,1204.1311054530008,28.55438296903461,19.766518670309654,63.46129326047359,1.2940346083788705
Piauí,2017,1.918855218855231,1002.7442808219179,1205.9863493394873,27.88280821917808,20.039554794520548,65.89132420091325,1.2768493150684932
Piauí,2018,2.928947368421057,1002.9436358447489,1181.720245526425,28.020034246575342,21.07785388127854,67.83972602739726,1.162271689497717
Piauí,2019,2.583561643835625,1003.0993093607306,1203.6043319751232,27.961763698630136,20.658327625570777,68.08401826484018,1.1962671232876714
Piauí,2020,2.114874551971327,1002.9212431693988,1377.7152800435003,29.30841871584699,20.243431238615663,62.19837204007288,1.3322632058287793
Piauí,2021,3.566985645933016,1002.6576369863014,1196.0306181655865,27.648675799086757,20.948584474885845,70.25359589041096,1.0793607305936073
