State,Date,Precipitation (mm/day),Atmospheric Pressure(mB),Global Radiation - Daylight (Kj/m²),Air Temperature - Dry Bulb (°C),Dew Point Temperature (°C),Air Relative Humidity (%),Wind Gust (m/s)
Rondônia,2008,2.8071776155717885,1000.7363103369763,1262.7687032967078,25.73897427140255,21.620673952641166,80.51758879781421,1.6637864298724956
Rondônia,2009,3.0704697986577205,1000.6549942922375,1208.3602073882041,25.933253424657536,22.379023972602738,82.64069634703196,1.351832191780823
Rondônia,2010,2.5580219780219853,1000.5851655251142,1399.288060817548,27.325393835616435,21.554811643835617,73.88618721461188,0.829172374429224
Rondônia,2011,2.6493372606774765,1000.3223458904109,1223.3920973782776,25.7562100456621,21.96182077625571,81.18915525114156,1.7317808219178084
Rondônia,2012,2.2770370370369535,1000.667657103825,1324.9458275382472,25.733492714025502,21.644364754098362,80.60940346083788,1.3258082877959927
Rondônia,2013,2.5293951384963265,979.5078253424658,1355.7916524701889,26.277385844748856,22.099851598173515,79.72682648401826,1.8419292237442921
Rondônia,2014,2.8350326797385694,979.0424885844748,1307.6954649564816,25.972157534246577,22.217859589041097,81.54417808219178,1.2887157534246574
Rondônia,2015,2.8735973597359816,993.412151826484,1294.903244180288,27.43974315068493,22.619783105022833,77.11421232876711,1.3737157534246573
Rondônia,2016,2.823180592991924,994.3555726320583,1363.287864923751,26.466609744990894,22.07642304189435,79.31568761384335,1.2975694444444439
Rondônia,2017,2.7438339438339567,996.0353595890411,1324.0311556603735,26.99284817351598,21.542174657534243,75.29851598173516,1.4743321917808216
Rondônia,2018,2.9845758354755842,998.0096232876713,1335.248437499998,26.511158675799088,21.509623287671232,76.54805936073059,1.5080479452054791
Rondônia,2019,2.306445672191545,1001.0695662100457,1283.5663191427727,26.208898401826485,21.695376712328766,78.14880136986301,0.7697031963470319
Rondônia,2020,0.0,0.0,0.0,0.0,0.0,0.0,0.0
Rondônia,2021,0.0,0.0,0.0,0.0,0.0,0.0,0.0
