State,Date,Precipitation (mm/day),Atmospheric Pressure(mB),Global Radiation - Daylight (Kj/m²),Air Temperature - Dry Bulb (°C),Dew Point Temperature (°C),Air Relative Humidity (%),Wind Gust (m/s)
Paraíba,2005,1.137325349301404,948.3434360730594,998.121725166322,22.566181506849315,19.19857305936073,82.9226598173516,4.548213470319634
Paraíba,2006,1.1484957882069815,948.3682363013698,1395.0817251143549,22.601529680365296,19.13259703196347,82.39275114155251,4.4653767123287675
Paraíba,2007,1.1899237933954372,948.5373401826483,1162.7837799467554,22.157123287671233,19.06161529680365,84.06723744292238,4.748898401826484
Paraíba,2008,1.4901639344262387,948.0151070127505,1254.9334220026624,22.214446721311475,19.217400956284152,84.62892759562841,5.2904371584699454
Paraíba,2009,1.531578947368431,948.2090525114155,1316.9424591156835,22.488533105022828,19.9051598173516,86.67054794520548,3.98712899543379
Paraíba,2010,1.3367500000000072,948.1223230593607,1352.5116947066062,22.712083333333332,19.875958904109588,85.4892694063927,4.364292237442922
Paraíba,2011,1.5776641091219201,947.9559817351599,1267.190567562108,22.120445205479452,19.843253424657533,88.12180365296804,4.3162671232876715
Paraíba,2012,1.3453384418901735,948.6658982240438,1191.277459860024,22.154035746812387,19.300204918032787,85.41558515482696,4.401212431693989
Paraíba,2013,1.2604602510460339,948.4741210045662,1104.5255129533653,22.497277397260273,19.402414383561645,84.22893835616438,4.094366438356165
Paraíba,2014,1.1525456292026965,948.929006849315,1061.9083900680835,22.17722602739726,18.82200913242009,82.78687214611872,3.9799657534246577
Paraíba,2015,1.1593539703903142,949.2496860730594,1056.2934842628367,22.666558219178082,18.975804794520545,81.8888698630137,4.1035159817351605
Paraíba,2016,1.3902912621359291,949.1932035519126,1066.3454062561505,22.465733151183972,18.928096539162112,82.37124316939891,4.158777322404371
Paraíba,2017,1.05833333333333,948.9418264840183,1300.391785117054,22.287762557077624,18.836495433789956,82.31061643835616,4.187374429223744
Paraíba,2018,1.0996996996997013,948.9230194063928,932.7925332290844,22.799583333333334,18.844554794520548,80.13824200913243,4.073767123287672
Paraíba,2019,1.5046460176991234,949.0003025114156,936.9016771488476,22.54614155251142,19.31843607305936,83.65376712328766,3.785422374429224
Paraíba,2020,1.4463414634146399,948.7693761384336,1133.79552238806,22.81967213114754,19.333589480874316,82.49590163934427,3.568613387978142
Paraíba,2021,1.2379220779220828,948.5238527397261,297.9426540284362,22.789292237442925,19.12999429223744,81.69457762557077,2.802271689497717
