State,Date,Precipitation (mm/day),Atmospheric Pressure(mB),Global Radiation - Daylight (Kj/m²),Air Temperature - Dry Bulb (°C),Dew Point Temperature (°C),Air Relative Humidity (%),Wind Gust (m/s)
Bahia,2001,1.9128336755646929,1009.0819006849314,1475.2342618995394,25.440479452054795,21.25628424657534,78.14606164383562,2.061318493150685
Bahia,2002,1.903962460896778,1009.2263413242009,1507.0280131826742,25.579537671232877,21.246883561643834,77.5343607305936,1.9594063926940641
Bahia,2003,2.2184095860566577,1009.0741837899543,1469.3491069357458,25.87484589041096,21.50716324200913,77.45759132420092,1.0580479452054796
Bahia,2004,2.12196891191711,1008.666148679417,1416.0843724023275,27.429456967213117,21.122495446265937,69.18863843351548,1.8151127049180331
Bahia,2005,1.5701279157261179,1008.4746404109588,1383.3677640603566,27.570313926940642,21.571375570776254,69.42545662100457,1.8196689497716891
Bahia,2006,0.6380018458698179,1011.298710045662,1542.773358526216,27.521529680365298,21.279200913242008,69.05234018264841,1.8008219178082185
Bahia,2007,1.4716738197425039,1008.9881678082191,1554.1680439330542,28.03627283105023,32.71956621004566,84.43036529680366,2.2591381278538814
Bahia,2008,0.7447876447876476,1006.4869307832422,1083.7682277807319,26.285467896174865,22.122990664845172,78.16051912568307,1.684915755919854
Bahia,2009,1.7806569343065706,1008.1307191780821,1345.8659324155199,25.866866438356166,21.516843607305933,77.54526255707762,1.2740867579908677
Bahia,2010,1.5490566037735987,1007.8671347031963,1456.5770153651931,25.538681506849315,21.28125,77.94337899543379,1.2842922374429224
Bahia,2011,1.7670955882353054,1007.7276655251142,1435.514467813892,25.062842465753423,21.12263698630137,79.36489726027398,1.3251141552511414
Bahia,2012,1.6936000000000075,1009.2222336065573,1500.4696828752649,25.442492030965393,20.92042349726776,76.78159153005464,1.6195525956284154
Bahia,2013,2.1276570048309233,1008.5087100456622,1447.1889074826663,25.69541095890411,21.75109589041096,79.51752283105023,1.6260844748858447
Bahia,2014,1.6014176663031694,1009.5043093607306,1437.7194836190047,25.49265410958904,21.694394977168947,80.12916666666666,1.5957191780821918
Bahia,2015,1.0066294487090062,1009.4508675799086,1435.8924058577427,25.93718607305936,21.225085616438356,76.08418949771689,1.5603424657534246
Bahia,2016,1.1498751040799362,1009.493197859745,1462.1607843137258,26.19388661202186,21.188695355191257,74.65960837887067,1.4788592896174864
Bahia,2017,1.7324295010846082,1009.4957990867579,1458.0687262758318,25.623464611872144,20.766050228310505,75.28293378995434,1.5504052511415527
Bahia,2018,1.8562711864406884,1009.0379737442922,1449.8838089198898,25.843915525114156,21.151980593607306,76.075,1.4223858447488584
Bahia,2019,2.2327316486161353,1009.1350456621004,1472.700991352035,26.230148401826483,21.651683789954337,76.64320776255708,1.3734760273972602
Bahia,2020,2.2227674190382762,1008.8623975409837,1345.1124135038854,25.882354280510018,21.90573770491803,79.40266393442623,1.4565004553734062
Bahia,2021,2.2869009584664606,1008.6900456621005,1333.1890126050432,25.592511415525113,21.524657534246575,78.87705479452055,1.338458904109589
