State,Date,Precipitation (mm/day),Atmospheric Pressure(mB),Global Radiation - Daylight (Kj/m²),Air Temperature - Dry Bulb (°C),Dew Point Temperature (°C),Air Relative Humidity (%),Wind Gust (m/s)
Goiais,2002,2.308436724565763,932.1745776255708,1491.1644095984796,23.819041095890412,15.455245433789957,64.10285388127853,1.4125856164383561
Goiais,2003,2.0647435897435975,932.9282248858448,1477.593155893536,23.279902968036527,15.421541095890412,65.68441780821918,1.4381563926940641
Goiais,2004,2.110245901639361,932.5000341530055,1445.5773726040206,23.19441029143898,15.46261384335155,66.84676684881603,1.468841074681239
Goiais,2005,2.7723228995057814,932.4336187214612,1325.3101734104062,24.270713470319635,17.1113698630137,67.37174657534247,1.3881792237442925
Goiais,2006,1.9655011655011767,932.4790582191781,1181.7456655159176,24.480679223744293,17.630285388127852,67.00513698630137,1.1648230593607303
Goiais,2007,1.9268431001890447,932.4500570776256,1396.618274943655,23.782945205479454,14.52943493150685,60.9828196347032,1.3193436073059361
Goiais,2008,2.6601587301587375,929.108754553734,1216.088752825926,22.955840163934425,15.570628415300545,67.72347449908924,1.2418146630236793
Goiais,2009,2.17392438070405,931.8294292237442,1400.3337858550483,23.500399543378997,17.131569634703194,71.12465753424658,1.1708961187214613
Goiais,2010,2.5419354838709975,931.741352739726,1463.62420711974,23.716478310502282,15.027813926940638,63.68464611872146,1.3859760273972603
Goiais,2011,1.851575931232097,931.8959646118722,1420.2635932787605,23.182762557077627,15.317054794520548,66.6769406392694,1.4135730593607305
Goiais,2012,1.910989010989013,932.4862704918033,1462.7177004538557,23.369928278688526,15.759858834244081,67.1648451730419,1.380339253187614
Goiais,2013,2.3552000000000097,932.1152111872146,1394.1418091322234,23.399360730593607,16.226683789954336,68.30804794520547,1.2161929223744292
Goiais,2014,2.2204402515723336,932.5962785388128,1431.878728923473,23.622305936073058,15.456609589041095,65.18367579908676,1.196255707762557
Goiais,2015,2.144186046511632,932.6323401826484,1433.116027723627,24.335987442922374,15.71546803652968,63.82077625570776,1.23337899543379
Goiais,2016,1.7209876543209963,932.5867030965392,1420.5574646074585,24.146448087431693,15.4136839708561,62.884676684881605,1.2416666666666665
Goiais,2017,2.5009861932938917,932.5310616438355,1445.7989833441482,23.83220319634703,14.608070776255708,61.77146118721461,1.274646118721461
Goiais,2018,2.291695501730111,932.4121232876713,1401.3737454232169,23.624189497716895,15.462785388127854,64.82328767123288,1.0983675799086758
Goiais,2019,2.531941544885183,932.6553139269406,1439.3423699546727,24.341797945205478,15.161883561643837,61.855536529680364,1.0863755707762557
Goiais,2020,2.534563758389268,932.4345173041894,1423.119659776054,23.993340163934427,14.918459699453551,62.52783469945355,1.0623861566484518
Goiais,2021,2.2694404591104895,932.0600342465754,1384.6807410598851,23.712460045662098,14.837260273972602,62.88087899543379,0.9437271689497718
