State,Date,Precipitation (mm/day),Atmospheric Pressure(mB),Global Radiation - Daylight (Kj/m²),Air Temperature - Dry Bulb (°C),Dew Point Temperature (°C),Air Relative Humidity (%),Wind Gust (m/s),Year
Ceara,2004-01,3.6769230769230763,1007.488306451613,5898.707482993197,26.704032258064515,22.81088709677419,80.11827956989248,2.3186155913978492,2004
Ceara,2004-02,2.938636363636357,1008.0833333333334,12705.160975609757,26.26616379310345,22.93096264367816,82.68175287356321,2.055890804597701,2004
Ceara,2004-03,4.656074766355139,1007.4434139784946,1099.5192307692307,26.84354838709677,23.07150537634409,80.76747311827957,2.345564516129032,2004
Ceara,2004-04,1.3425000000000007,1007.9747222222223,1205.2558139534883,27.048333333333332,23.05423611111111,79.68194444444444,2.3356250000000003,2004
Ceara,2004-05,1.3333333333333242,1009.2624327956989,13215.915254237289,27.333669354838708,22.664314516129036,76.45026881720432,2.683467741935484,2004
Ceara,2004-06,0.9192982456140394,1011.2860416666666,994.0833333333334,26.75949999999999,21.54709722222223,74.22805555555556,3.0260833333333284,2004
Ceara,2004-07,2.3188679245282815,1010.4097278225806,875.2352941176471,27.403323252688164,21.089418682795703,69.28568548387098,3.6741532258064513,2004
Ceara,2004-08,0.4739130434782627,1011.7420866935485,1349.0384615384614,27.504217069892473,20.102167338709688,64.91969086021507,3.9726478494623634,2004
Ceara,2004-09,1.4235294117647057,1010.2328472222223,556.655737704918,26.946805555555557,20.24319444444444,67.92361111111111,3.80513888888889,2004
Ceara,2004-10,0.25454545454545463,1009.0413306451613,732.1290322580645,27.266733870967737,20.780779569892474,68.59677419354838,3.886290322580646,2004
Ceara,2004-11,0.26666666666666666,1008.2875,975.2131147540983,27.52388888888889,20.883055555555554,68.08888888888889,3.6975694444444476,2004
Ceara,2004-12,1.8571428571428563,1008.1304435483871,876.241935483871,27.66491935483871,21.333400537634407,69.23655913978494,3.3436827956989257,2004
Ceara,2005-01,0.5315789473684207,1007.4493951612903,1328.55421686747,28.04274193548387,22.10665322580645,71.02016129032258,2.990456989247312,2005
Ceara,2005-02,1.9980000000000016,1007.0568452380952,18457.11510791367,28.320386904761904,22.73950892857143,72.69270833333333,2.980952380952381,2005
Ceara,2005-03,2.3024999999999993,1008.23561827957,17687.293800539082,27.639986559139786,22.969086021505376,76.61760752688173,2.364717741935484,2005
Ceara,2005-04,2.338095238095239,1007.9649305555556,12381.46783625731,27.599027777777778,23.227708333333336,77.92361111111111,2.483333333333333,2005
Ceara,2005-05,2.1881481481481444,1008.6318548387096,17664.661354581673,27.036290322580644,22.940255376344084,79.03360215053763,2.537836021505374,2005
Ceara,2005-06,1.9544303797468363,1010.0533333333334,1376.3333333333333,25.92861111111111,22.10236111111111,80.27361111111111,2.4770833333333333,2005
Ceara,2005-07,2.1391304347826083,1011.6086693548386,1384.0,26.125336021505376,20.86787634408602,74.03696236559139,2.800201612903226,2005
Ceara,2005-08,1.2333333333333334,1011.1329301075269,0.0,26.655241935483872,20.255510752688174,69.11827956989248,3.7001344086021506,2005
Ceara,2005-09,0.23333333333333336,1010.727361111111,0.0,26.946111111111108,19.990763888888885,66.93055555555556,3.7449999999999943,2005
Ceara,2005-10,0.26666666666666666,1009.5202284946237,0.0,27.344556451612902,20.436223118279568,66.88709677419355,4.02043010752688,2005
Ceara,2005-11,0.2,1007.7406944444446,0.0,27.88152777777778,21.04375,67.3013888888889,3.833611111111111,2005
Ceara,2005-12,0.0,1005.1471102150537,0.0,27.54596774193549,22.455443548387098,73.59206989247313,2.113776881720428,2005
Ceara,2006-01,0.40000000000000024,1015.3,0.0,27.4,19.9,63.0,3.2,2006
Ceara,2006-02,0.40000000000000274,1015.3,0.0,27.4,19.9,63.0,3.2,2006
Ceara,2006-03,0.40000000000000024,1015.3,0.0,27.4,19.9,63.0,3.2,2006
Ceara,2006-04,0.400000000000001,1015.3,0.0,27.4,19.9,63.0,3.2,2006
Ceara,2006-05,0.40000000000000024,1015.3,0.0,27.4,19.9,63.0,3.2,2006
Ceara,2006-06,0.400000000000001,1015.3,0.0,27.4,19.9,63.0,3.2,2006
Ceara,2006-07,0.5999999999999998,1011.7119623655914,0.0,26.224462365591396,20.84771505376344,73.43682795698925,2.756720430107527,2006
Ceara,2006-08,1.2133333333333334,1010.8344758064516,0.0,26.539314516129032,20.28481182795699,69.89852150537635,3.300873655913978,2006
Ceara,2006-09,0.8133333333333332,1010.7347222222222,0.0,27.20791666666667,20.41347222222222,67.52916666666667,3.681250000000001,2006
Ceara,2006-10,0.476923076923077,1008.9083333333334,0.0,27.51438172043011,20.820698924731182,67.79032258064517,3.675940860215054,2006
Ceara,2006-11,0.6153846153846155,1007.9229861111112,0.0,27.66472222222222,21.087777777777777,68.17708333333333,3.53798611111111,2006
Ceara,2006-12,0.4727272727272727,1008.9490591397849,0.0,27.922983870967744,21.758131720430107,69.90389784946238,3.25833333333333,2006
Ceara,2007-01,1.0545454545454547,1008.426747311828,0.0,28.133333333333333,22.304166666666667,71.46908602150538,3.168279569892473,2007
Ceara,2007-02,2.954838709677418,1008.5272321428572,0.0,26.95252976190476,22.733779761904763,78.53422619047619,2.1833333333333336,2007
Ceara,2007-03,2.4990476190476176,1007.7818548387096,0.0,26.86391129032258,22.77641129032258,79.32661290322581,2.232056451612903,2007
Ceara,2007-04,2.6981481481481477,1008.355,0.0,26.95138888888889,23.02583333333333,79.99444444444444,2.1106944444444444,2007
Ceara,2007-05,2.0811594202898553,1008.7815860215054,0.0,26.983669354838707,22.460752688172043,77.31922043010752,2.3178091397849467,2007
Ceara,2007-06,1.2577777777777779,1010.6209722222222,0.0,26.35590277777778,21.33590277777778,75.04513888888889,2.7259722222222225,2007
Ceara,2007-07,2.5777777777777784,1011.0307795698925,0.0,26.480376344086025,20.774529569892472,71.94489247311827,3.1435483870967746,2007
Ceara,2007-08,0.4000000000000001,1010.6882392473119,0.0,26.54361559139785,19.462634408602153,66.35618279569893,3.76619623655914,2007
Ceara,2007-09,0.5333333333333335,1010.9522222222222,0.0,26.820416666666667,19.470833333333335,65.41805555555555,3.8129166666666667,2007
Ceara,2007-10,0.35,1009.058870967742,0.0,27.11962365591398,20.263306451612902,67.09811827956989,3.9426075268817207,2007
Ceara,2007-11,0.41818181818181815,1007.7525694444444,0.0,27.424722222222222,20.912986111111117,68.63680555555555,3.533402777777779,2007
Ceara,2007-12,0.0,1007.4,0.0,26.1,21.5,76.0,2.0,2007
Ceara,2008-01,0.0,1004.2,0.0,27.9,23.2,76.0,2.9,2008
Ceara,2008-02,0.0,1004.2,0.0,27.9,23.2,76.0,2.9,2008
Ceara,2008-03,3.7397590361445787,1007.583870967742,0.0,26.271370967741937,22.544758064516127,80.6861559139785,1.5956989247311828,2008
Ceara,2008-04,0.41849170588286455,1006.5414059127781,0.0,28.391044224901393,22.711471589640546,71.45493041601547,2.7497317109473842,2008
Ceara,2008-05,1.3121232417950432,1007.3153047555259,0.0,27.694239785666444,22.765606162089753,74.21667782987274,2.315907568653717,2008
Ceara,2008-06,2.0298014109132665,1009.4560918124655,922.2229166666663,24.997915796640292,21.883252488584635,82.75729618939108,2.1162152986770146,2008
Ceara,2008-07,0.0,1009.5421644258321,0.0,25.091977077363897,21.56646462420101,81.2308794357505,2.3670118995152047,2008
Ceara,2008-08,0.0,1009.148600396738,0.0,25.94469914040115,21.45167511571523,77.13125413268679,2.5965403261348614,2008
Ceara,2008-09,0.0,1008.7613841745647,0.0,26.783667621776505,21.338737050914702,73.09775181838218,2.822366681357426,2008
Ceara,2008-10,0.0,1008.3741679523914,0.0,27.622636103151866,21.22579898611417,69.06424950407758,3.048193036579991,2008
Ceara,2008-11,0.0,1007.9869517302183,0.0,28.461604584527223,21.11286092131364,65.03074718977298,3.274019391802556,2008
Ceara,2008-12,1.4000000000000001,1007.1780955157238,1682.1946601941743,28.608346812706042,21.218880009290398,64.86457022427305,3.1861511750238134,2008
Ceara,2009-01,2.445714285714286,1008.265188172043,1523.3253101736964,27.434543010752687,21.928629032258065,72.8736559139785,2.2176075268817206,2009
Ceara,2009-02,3.058823529411766,1007.4640625,1388.539226519336,26.74375,22.378050595238093,77.85491071428571,1.7764136904761905,2009
Ceara,2009-03,3.11392405063291,1007.4096102150538,1159.576732673267,26.099462365591396,22.98393817204301,83.69489247311827,1.1600806451612904,2009
Ceara,2009-04,3.346666666666664,1008.5434722222222,987.8491228070175,25.8875,22.925416666666667,84.47777777777777,1.1043055555555557,2009
Ceara,2009-05,2.1514285714285704,1008.7448924731182,955.7099502487565,25.82567204301075,22.90094086021505,84.66666666666667,1.1633064516129032,2009
Ceara,2009-06,2.8139534883720927,1010.1220833333334,1226.7391191709848,25.986527777777777,22.047638888888887,79.96111111111111,1.89375,2009
Ceara,2009-07,2.0399999999999996,1010.8497311827956,1431.5147286821714,25.837365591397848,21.400806451612905,77.72177419354838,2.23252688172043,2009
Ceara,2009-08,1.4137931034482767,1010.6011424731183,1610.1756962025308,26.28823924731183,20.702620967741936,72.66196236559139,2.7581317204301077,2009
Ceara,2009-09,0.525,1010.8974999999999,1724.2379487179494,27.107083333333332,20.70791666666667,68.94722222222222,3.2934722222222224,2009
Ceara,2009-10,0.690909090909091,1008.8329301075269,1800.2558080808083,27.14704301075269,20.453024193548387,67.6861559139785,3.0723118279569896,2009
Ceara,2009-11,0.55,1008.0790277777778,1771.819999999999,27.68402777777778,20.943333333333335,67.46944444444445,3.419583333333333,2009
Ceara,2009-12,0.9266666666666789,1008.2477150537635,1357.905844155844,27.939583333333324,22.079032258064515,71.13642473118277,2.9670026881720317,2009
Ceara,2010-01,1.4431818181818186,1008.2959677419354,1570.711508951406,27.866666666666667,22.23380376344086,72.30376344086021,2.462365591397849,2010
Ceara,2010-02,2.2937500000000006,1007.4233630952381,1634.709668508287,28.558630952380955,22.95453869047619,72.41592261904762,2.9257440476190473,2010
Ceara,2010-03,1.5920000000000056,1007.755266239912,1729.4482071713142,27.834550947229197,23.115252026854,76.56767174469164,1.9118818953295902,2010
Ceara,2010-04,0.0,1007.9921433832557,0.0,26.36145347409772,22.954001964154187,82.61637613552664,1.3614166462067272,2010
Ceara,2010-05,0.0,1009.0345200098208,0.0,26.900613798183155,21.96554136999755,76.32617235452983,2.134213110729192,2010
Ceara,2010-06,0.0,1010.076896636386,0.0,27.439774122268595,20.977080775840907,70.03596857353301,2.9070095752516574,2010
Ceara,2010-07,0.0,1011.1192732629511,0.0,27.97893444635404,19.988620181684265,63.74576479253621,3.6798060397741224,2010
Ceara,2010-08,0.0,1012.1787380309353,0.0,28.526933464276944,18.98395531549227,57.352442916768965,4.465271298796956,2010
Ceara,2010-09,0.0,1009.9684302963963,1377.0123359580052,27.708846756368576,19.44978547038069,62.29128508879613,3.8790290224240884,2010
Ceara,2010-10,0.0,1009.4107115920167,1550.8440233236151,27.87735294117647,20.050588235294118,62.79041387175426,3.093130173280728,2010
Ceara,2010-11,0.0,1008.7886535771382,1319.6,29.629954974582425,19.489417755991287,52.57351677696505,2.510709932054356,2010
Ceara,2010-12,2.2086206896551484,1006.2522177419355,1325.8746951219512,27.793951612903246,21.884341397849457,71.00806451612901,2.6904569892473162,2010
Ceara,2011-01,2.611212121212125,1006.5142977150537,1354.1926701570683,26.369976478494625,22.45226814516129,79.93565188172043,1.855057123655914,2011
Ceara,2011-02,2.7086614173228347,1007.3374441964285,1001.2658536585358,26.467540922619047,22.79481026785714,80.95889136904762,1.6371093750000008,2011
Ceara,2011-03,0.30000000000000004,1007.3510752688171,1101.3672248803823,26.610080645161293,22.81619623655914,80.67271505376344,1.5456317204301089,2011
Ceara,2011-04,1.194067796610167,1007.8409722222223,957.9799401197613,26.773819444444445,23.09548611111111,81.04930555555555,1.579583333333333,2011
Ceara,2011-05,1.1446808510638327,1008.2608870967741,988.1207729468596,26.702956989247312,22.84173387096774,80.34408602150538,1.752553763440861,2011
Ceara,2011-06,2.4181818181818184,1009.8775,1077.7093434343428,26.388055555555557,21.794444444444444,76.96944444444445,2.07125,2011
Ceara,2011-07,2.4157894736842107,1010.2184139784946,1135.3194103194105,26.049059139784948,21.051881720430107,75.13440860215054,2.221505376344086,2011
Ceara,2011-08,0.9789473684210526,1010.9576612903226,1372.2354838709684,26.679973118279573,20.417069892473116,69.89247311827957,2.880779569892473,2011
Ceara,2011-09,0.0,1010.8697222222222,1528.5617948717945,27.052777777777777,19.729444444444447,65.7625,3.2690277777777776,2011
Ceara,2011-10,1.243478260869565,1008.0700268817204,1414.7930521091798,27.363844086021505,20.956586021505377,68.98252688172043,3.2163978494623655,2011
Ceara,2011-11,0.25166666666666854,1008.1859722222223,1526.1328804347825,27.715289351851847,21.442789351851854,69.30185185185185,3.238807870370377,2011
Ceara,2011-12,0.8857142857142856,1008.2611559139785,1577.024175824176,28.15785170250896,21.30899417562724,67.02307347670254,3.334487007168464,2011
Ceara,2012-01,2.4512195121951166,1008.3925403225807,1503.7331491712698,28.02587365591398,21.775537634408604,69.55040322580645,3.144959677419355,2012
Ceara,2012-02,0.0,1008.0346264367815,1376.6455089820367,27.032327586206897,22.086566091954023,75.29597701149426,2.4595545977011493,2012
Ceara,2012-03,2.787500000000002,1008.3846102150538,1209.7896039603957,26.93393817204301,22.662298387096776,78.35215053763442,2.1586021505376345,2012
Ceara,2012-04,1.9333333333333338,1008.2369444444444,1243.7923076923078,27.310972222222226,22.806111111111115,77.24444444444444,2.2509722222222224,2012
Ceara,2012-05,3.389743589743591,1009.5543010752689,1253.6834158415852,27.225134408602152,21.995833333333334,74.01881720430107,2.5471774193548384,2012
Ceara,2012-06,2.674999999999997,1010.8676388888888,1174.570437017994,26.70145833333333,21.772083333333335,75.42152777777778,2.400972222222222,2012
Ceara,2012-07,0.42352941176470593,1010.754435483871,1303.233995037221,26.744354838709675,20.324059139784946,69.16129032258064,2.882930107526882,2012
Ceara,2012-08,0.2,1011.6927419354839,1450.7922500000009,26.831653225806452,19.418413978494623,65.26881720430107,3.3357526881720427,2012
Ceara,2012-09,0.35000000000000003,1011.6865277777779,1535.7217948717948,27.07333333333333,19.560555555555556,64.94305555555556,3.4345833333333333,2012
Ceara,2012-10,0.5181818181818181,1009.1963709677419,1571.7121287128714,27.317473118279572,20.13279569892473,66.06586021505376,3.7498655913978496,2012
Ceara,2012-11,0.6571428571428573,1008.2916666666666,1532.1989743589743,27.679861111111112,20.763333333333335,66.9486111111111,3.0731944444444443,2012
Ceara,2012-12,0.9529411764705882,1007.7290322580645,1413.7223325062043,28.061021505376345,21.606586021505375,68.76478494623656,3.199059139784946,2012
Ceara,2013-01,1.2210526315789472,1008.6256720430108,1376.4104218362284,27.986424731182797,22.151344086021503,71.40188172043011,2.873252688172043,2013
Ceara,2013-02,2.09795918367347,1007.6038690476191,1377.1877049180318,28.171875,22.326190476190476,71.65327380952381,2.980654761904762,2013
Ceara,2013-03,1.6878048780487813,1008.1672043010753,1368.465656565657,28.4122311827957,22.919086021505375,72.98790322580645,2.6888440860215055,2013
Ceara,2013-04,2.2538461538461525,1008.6734722222222,1106.2049645390075,27.467499999999998,23.236736111111114,78.7611111111111,1.688611111111111,2013
Ceara,2013-05,1.7076923076923078,1009.2755376344086,1089.0857808857809,27.238575268817204,22.895698924731185,78.20094086021506,2.0463709677419355,2013
Ceara,2013-06,2.879487179487181,1010.2255555555556,1000.9636363636365,26.437361111111112,22.45,79.59166666666665,1.9518055555555556,2013
Ceara,2013-07,1.5016949152542374,1011.1977150537634,1164.7410926365792,26.29489247311828,21.42311827956989,75.99932795698925,2.2672043010752687,2013
Ceara,2013-08,0.8624999999999998,1010.3790322580645,1375.756296296297,27.111962365591395,20.456586021505377,68.14381720430107,3.333736559139785,2013
Ceara,2013-09,0.9333333333333331,1010.4599999999999,1518.11641025641,27.329166666666666,20.406944444444445,67.01805555555555,3.749166666666667,2013
Ceara,2013-10,0.7125,1009.746370967742,1577.9349875930525,27.675806451612903,20.5252688172043,66.03629032258064,3.615994623655914,2013
Ceara,2013-11,0.67,1007.8875,1435.6825641025648,27.715833333333336,21.023194444444446,67.80833333333334,3.5788888888888892,2013
Ceara,2013-12,0.7866666666666664,1008.4182795698924,1432.921339950372,27.985483870967744,21.309139784946236,67.85887096774194,3.154032258064516,2013
Ceara,2014-01,1.3884615384615389,1008.7516129032257,1292.0311111111118,27.72432795698925,21.857526881720432,71.28225806451613,2.888440860215054,2014
Ceara,2014-02,1.1289256198347082,1007.7620535714285,1126.1485576923076,27.305654761904766,22.828645833333333,77.2641369047619,2.387202380952381,2014
Ceara,2014-03,2.7346153846153856,1008.5216397849462,1138.3481900452489,27.28266129032258,23.143212365591395,78.55712365591398,1.8883064516129033,2014
Ceara,2014-04,2.5794392523364476,1008.744236111111,886.3726495726505,26.957013888888888,25.150224645786725,84.97364839671887,1.4378472222222223,2014
Ceara,2014-05,2.708333333333331,1008.9200268817204,836.7195519348265,26.76706989247312,19.920884751389195,67.82993703543335,1.5056451612903226,2014
Ceara,2014-06,2.441666666666667,1010.1977777777778,1133.2606060606056,27.124444444444443,21.252361111111114,71.59444444444445,2.3694444444444445,2014
Ceara,2014-07,2.453333333333334,1012.3974462365591,1244.248756218904,26.643682795698926,20.106720430107526,68.95430107526882,2.6478494623655915,2014
Ceara,2014-08,0.4800000000000001,1011.5702956989248,1396.6397022332499,26.98521505376344,19.169892473118278,63.86424731182796,3.3533602150537636,2014
Ceara,2014-09,0.56,1010.9873611111111,1442.873076923077,27.23777777777778,20.015138888888888,65.81388888888888,3.4644444444444447,2014
Ceara,2014-10,0.5200000000000001,1009.870564516129,1562.9806451612908,27.67016129032258,19.854569892473116,63.54032258064516,3.7553763440860215,2014
Ceara,2014-11,0.95,1008.8979166666667,1466.823333333334,27.565694444444443,20.4525,66.11944444444444,3.2505555555555556,2014
Ceara,2014-12,1.696774193548387,1009.1309139784946,1395.514888337469,27.717204301075267,20.917069892473116,67.31854838709677,3.24005376344086,2014
Ceara,2015-01,2.6785714285714284,1009.7554435483871,1365.1908415841583,27.462836021505375,21.09213709677419,69.13709677419355,2.838709677419355,2015
Ceara,2015-02,2.2059701492537305,1008.9735863095239,1139.1944591029014,27.51160714285714,21.97864583333333,72.87946428571429,2.3847470238095236,2015
Ceara,2015-03,3.2706896551724123,1008.6770161290322,1068.3222477064228,26.81733870967742,22.385618279569893,77.70564516129032,1.7006720430107527,2015
Ceara,2015-04,2.4672131147540965,1008.9881944444444,920.3560869565223,26.815138888888892,22.778055555555557,79.45694444444445,1.4975,2015
Ceara,2015-05,1.17027027027027,1009.5845430107527,1226.153041362531,27.72244623655914,22.302419354838708,73.34408602150538,2.33508064516129,2015
Ceara,2015-06,1.4188679245283022,1011.2968055555555,1164.5178841309832,26.865694444444443,21.38236111111111,73.15972222222223,2.368888888888889,2015
Ceara,2015-07,2.396923076923076,1011.430376344086,1109.6798561151081,26.414247311827957,20.958736559139783,73.06989247311827,2.6868279569892475,2015
Ceara,2015-08,1.8285714285714287,1011.2631720430109,1388.6933497536945,26.71787634408602,19.775537634408604,66.85215053763442,3.2803763440860214,2015
Ceara,2015-09,0.857142857142857,1010.9597222222222,1435.5187179487177,27.081805555555558,20.08513888888889,66.50277777777778,3.5033333333333334,2015
Ceara,2015-10,0.6,1010.485752688172,1509.257816377171,27.417876344086025,19.97728494623656,64.86424731182795,3.484811827956989,2015
Ceara,2015-11,0.275,1008.8959722222222,1530.9502564102572,27.801805555555553,20.606527777777778,66.01805555555555,3.0568055555555556,2015
Ceara,2015-12,1.76,1009.7770161290322,1417.039205955335,28.201209677419357,21.25577956989247,67.1008064516129,3.04502688172043,2015
Ceara,2016-01,1.112971698113208,1009.052620967742,1256.154682779456,28.135702284946237,22.565709005376345,72.49378360215054,2.21533938172043,2016
Ceara,2016-02,0.29644736842105285,1009.1785680076629,1988.6291970802915,29.81260177203065,22.34343271072797,64.7865780651341,3.3431094348659,2016
Ceara,2016-03,3.427906976744186,1009.1934363799282,1304.109289617488,28.885976702508962,22.911738351254478,71.35506272401435,2.478405017921147,2016
Ceara,2016-04,2.2305785123966935,1008.4765277777777,990.6822843822843,27.817013888888887,22.920694444444447,75.8013888888889,0.6450694444444458,2016
Ceara,2016-05,1.356976744186049,1010.3836298228969,1400.5659574468084,28.463223434535106,22.2602031941809,70.0919908285895,0.04986559139784946,2016
Ceara,2016-06,0.21666666666666784,1011.6195547385621,1553.4927536231885,28.804808006535946,20.654526143790854,62.23758169934641,0.1970138888888879,2016
Ceara,2016-07,0.5454545454545455,1011.2916666666666,1294.2106060606063,27.299462365591395,19.899327956989247,65.65188172043011,2.8028225806451617,2016
Ceara,2016-08,1.2000000000000002,1011.4440860215054,1415.691183879093,27.19280913978495,19.649529569892476,64.97110215053763,3.1113575268817204,2016
Ceara,2016-09,0.6,1011.0647222222221,1530.5233333333326,27.485833333333332,19.99625,64.8125,3.4305555555555554,2016
Ceara,2016-10,0.6833333333333332,1008.9915322580645,1558.5783042394005,27.961155913978494,20.233870967741936,64.19623655913979,3.4336021505376366,2016
Ceara,2016-11,1.0,1008.2475,1522.246666666668,28.247361111111108,20.873055555555556,65.39027777777778,3.4097222222222223,2016
Ceara,2016-12,0.0,1008.1407258064515,1345.7488833746909,28.201478494623657,21.489784946236558,67.8991935483871,2.8143817204301076,2016
Ceara,2017-01,1.4259740259740317,1008.4378360215054,1228.3461538461538,27.647110215053765,22.142741935483873,72.81048387096774,2.3768145161290324,2017
Ceara,2017-02,3.03768115942029,1008.1909226190477,1055.1608695652176,27.310565476190476,22.433928571428574,75.63541666666667,2.0428571428571427,2017
Ceara,2017-03,2.7558139534883717,1008.3054435483871,660.8579584775081,26.452620967741936,23.03635752688172,82.21908602150538,1.2616263440860214,2017
Ceara,2017-04,2.864957264957263,1008.416875,859.4631027253668,27.06923611111111,22.9775,79.3236111111111,1.6178472222222224,2017
Ceara,2017-05,1.7078947368421054,1009.3503360215054,1096.9762962962968,27.29375,22.556653225806453,76.52553763440861,1.8147849462365595,2017
Ceara,2017-06,1.6785714285714293,1010.2002777777777,1153.214171122995,27.308958333333333,21.49361111111111,71.76805555555555,2.116458333333333,2017
Ceara,2017-07,2.933333333333334,1012.235752688172,1223.613612565445,26.455510752688173,20.050537634408602,69.54838709677419,2.253763440860215,2017
Ceara,2017-08,0.44999999999999996,1011.1522849462366,1459.3719895287961,27.061693548387098,20.0005376344086,66.74327956989248,2.9286290322580646,2017
Ceara,2017-09,2.5333333333333337,1011.0279166666667,1532.2599999999995,27.33638888888889,19.31375,63.00138888888889,3.357083333333333,2017
Ceara,2017-10,0.7312500000000014,1009.2497983870967,1494.9273631840779,27.679099462365592,20.499327956989248,66.2385752688172,3.4802419354838707,2017
Ceara,2017-11,0.7538461538461537,1008.35,1450.1525641025637,27.725138888888885,20.727083333333333,66.57083333333334,3.0716666666666663,2017
Ceara,2017-12,0.5615384615384615,1008.2288978494624,1339.1543424317606,28.125672043010752,21.558602150537634,68.32795698924731,2.910215053763441,2017
Ceara,2018-01,2.326666666666666,1008.3254704301075,990.7799603174611,27.47405913978495,21.909744623655914,72.69354838709677,2.2191532258064517,2018
Ceara,2018-02,1.9422018348623837,1008.039136904762,720.2963671128108,26.554166666666667,22.50379464285714,79.23511904761905,1.4504464285714287,2018
Ceara,2018-03,3.3536585365853653,1008.2915994623655,1186.3278728606358,27.407392473118282,22.755443548387095,76.63239247311827,1.7166666666666668,2018
Ceara,2018-04,2.022105263157895,1008.9472916666667,1080.383037974683,26.645833333333332,22.427430555555556,78.66111111111111,1.5467361111111115,2018
Ceara,2018-05,2.8721518987342227,1009.7467741935484,1022.5760526315792,26.75403225806452,22.0934811827957,76.79704301075269,1.6171370967741934,2018
Ceara,2018-06,1.4558823529411793,1011.3479166666667,1233.8662087912091,26.606666666666666,20.771597222222223,71.75069444444445,2.130486111111111,2018
Ceara,2018-07,5.248648648648649,1011.4155913978494,1230.941534391534,26.39059139784946,20.36451612903226,70.99462365591398,2.337029569892474,2018
Ceara,2018-08,0.9571428571428526,1011.8930779569891,1452.8958791208777,26.866532258064517,20.159139784946237,68.07728494623657,2.8568548387096766,2018
Ceara,2018-09,0.9636363636363636,1009.7686111111111,1503.4870801033592,27.237083333333334,20.017777777777777,66.09305555555555,3.283888888888889,2018
Ceara,2018-10,0.5833333333333333,1009.1953629032258,1493.632070707071,27.701478494623657,20.6244623655914,66.44220430107526,2.989247311827957,2018
Ceara,2018-11,2.2666666666666666,1008.0514583333334,1404.6619422572187,28.28604166666667,21.060694444444444,65.92291666666667,3.1446527777777793,2018
Ceara,2018-12,2.9622950819672136,1009.0978494623656,1228.8223557692315,27.559139784946236,22.004233870967738,72.7614247311828,2.210147849462365,2018
Ceara,2019-01,2.2595505617977523,1009.4472446236559,1085.4265664160403,27.5877688172043,22.425672043010753,74.46639784946237,2.019623655913979,2019
Ceara,2019-02,0.5182795698924711,1008.7964097908732,1618.237272727272,29.355809522121387,23.009552339086515,69.17196531547957,2.266235220336008,2019
Ceara,2019-03,0.0,1009.910266591038,0.0,26.150567214974476,22.614066931366988,80.65399886557006,0.5159671015314803,2019
Ceara,2019-04,0.0,1009.7441860465116,0.0,27.354651162790695,23.195348837209302,78.16279069767441,1.4709302325581395,2019
Ceara,2019-05,3.222988505747124,1009.2920837678931,950.6533101045296,27.459240801053923,23.192558962911455,78.28918662592478,1.8607401088076896,2019
Ceara,2019-06,3.041176470588235,1011.1230555555555,1043.9133651551313,26.794444444444444,21.584444444444443,74.31944444444444,2.15,2019
Ceara,2019-07,1.2136363636363638,1011.3413978494624,1201.9680203045687,26.581586021505377,20.968951612903226,72.43145161290323,2.4982526881720433,2019
Ceara,2019-08,1.457142857142857,1012.5581989247313,1360.9282500000002,26.790188172043013,19.799462365591395,66.82123655913979,3.0725806451612905,2019
Ceara,2019-09,0.9714285714285713,1010.9326388888888,1433.2141025641013,27.205833333333334,20.30388888888889,67.03055555555555,3.40125,2019
Ceara,2019-10,0.5333333333333355,1009.2881048387096,1501.6271144278612,27.47291666666667,20.31162634408602,66.14314516129032,3.230241935483871,2019
Ceara,2019-11,0.3285714285714286,1007.8340277777778,1525.1356410256417,28.108055555555556,21.09375,66.84444444444445,3.0840277777777776,2019
Ceara,2019-12,2.5333333333333328,1008.0233870967742,1394.95637254902,28.325940860215052,21.484005376344086,67.47849462365592,2.817741935483871,2019
Ceara,2020-01,2.9724999999999997,1008.7004032258064,972.3106557377043,27.613575268817204,22.828629032258064,76.01881720430107,1.7686827956989248,2020
Ceara,2020-02,2.829999999999999,1008.700143678161,732.4071167883216,27.02191091954023,23.201436781609196,80.43462643678161,1.384698275862069,2020
Ceara,2020-03,3.1430769230769213,1008.3809139784946,745.546153846154,27.176209677419354,23.31948924731183,80.40994623655914,1.168010752688172,2020
Ceara,2020-04,2.80764331210191,1008.8620138888889,660.8972508591072,26.984305555555558,23.345069444444444,81.44513888888889,1.303125,2020
Ceara,2020-05,2.869230769230768,1009.8840725806451,884.2232653061228,27.036021505376343,22.754435483870967,78.59341397849462,1.6435483870967744,2020
Ceara,2020-06,1.715789473684211,1010.3466666666666,887.4600928074245,26.491666666666667,21.787916666666664,76.48333333333333,1.944583333333333,2020
Ceara,2020-07,1.870588235294118,1010.5014784946236,1171.4982412060303,26.298252688172045,20.49798387096774,71.9274193548387,2.318010752688172,2020
Ceara,2020-08,0.25,1010.6208333333334,1443.2181347150263,26.80860215053763,19.868548387096777,67.13440860215054,3.013709677419355,2020
Ceara,2020-09,0.5500000000000002,1010.481875,1479.6356410256415,27.21048611111111,19.880625,65.53888888888889,3.3344444444444448,2020
Ceara,2020-10,0.8999999999999997,1009.2622311827956,1518.4223325062028,27.789650537634408,20.858602150537635,67.21102150537635,3.0818548387096776,2020
Ceara,2020-11,0.6888888888888888,1008.2665277777778,1431.0141025641024,28.29736111111111,21.518333333333334,67.6,3.1748611111111114,2020
Ceara,2020-12,1.1333333333333333,1008.346438172043,1406.3464019851124,28.27076612903226,21.343145161290323,66.88440860215054,3.2248655913978497,2020
Ceara,2021-01,2.175,1007.9450268817204,1061.936231884057,27.861559139784948,21.806048387096777,70.5241935483871,2.714516129032258,2021
Ceara,2021-02,1.1689655172413793,1007.874255952381,1120.312378640777,27.8140625,22.359300595238096,72.98363095238095,2.4041666666666663,2021
Ceara,2021-03,3.2968749999999987,1008.0555779569892,774.7468749999998,26.676075268817204,22.506922043010753,78.86827956989248,1.5913306451612903,2021
Ceara,2021-04,2.2063492063492056,1008.0540277777778,1117.2512941176465,27.378333333333334,22.495555555555555,75.75972222222222,1.9366666666666668,2021
Ceara,2021-05,2.1962616822429895,1009.5528225806452,777.2983050847463,26.50087365591398,22.10672043010753,78.06854838709677,1.706787634408602,2021
Ceara,2021-06,2.7117647058823535,1010.2417361111112,1177.360686015831,27.09048611111111,21.485277777777778,72.71041666666666,2.0147222222222227,2021
Ceara,2021-07,1.2821428571428561,1011.5485887096775,1262.716931216932,27.022513440860216,20.85470430107527,70.21370967741936,2.5392473118279573,2021
Ceara,2021-08,0.43999999999999995,1010.8048387096775,1485.6325333333334,27.52244623655914,19.920564516129033,64.58602150537635,3.1629032258064513,2021
Ceara,2021-09,0.6600000000000046,1010.3432638888889,1470.1981818181823,27.859791666666666,20.570486111111112,65.74791666666667,3.2908333333333335,2021
Ceara,2021-10,0.37333333333333446,1008.9533064516129,1566.7139410187665,28.442002688172046,21.199180107526878,65.88077956989248,3.239005376344086,2021
Ceara,2021-11,1.5999999999999999,1007.5638749999999,1842.909565217392,30.291666666666668,21.258347222222216,59.059999999999995,3.929138888888891,2021
Ceara,2021-12,1.2499999999999998,1007.2197580645161,1327.7689826302728,28.678629032258065,22.14475806451613,68.5611559139785,3.0663978494623656,2021
Ceara,2022-01,2.3889908256880723,1008.4980510752689,963.6363834422662,26.905241935483872,22.35981182795699,77.06653225806451,1.6901209677419355,2022
Ceara,2022-02,2.7259259259259263,1007.961681547619,1278.949731182796,27.665252976190477,22.37418154761905,73.75372023809524,2.0641369047619045,2022
Ceara,2022-03,3.221621621621623,1007.4428091397849,695.2309565217394,26.514045698924733,22.83427419354839,81.17405913978494,1.4482526881720428,2022
Ceara,2022-04,2.8855421686746965,1007.9230555555555,747.2828096118307,26.495,22.953333333333337,81.94166666666666,1.3666666666666667,2022
Ceara,2022-05,2.2274193548387062,1009.6353494623655,703.3150190114058,26.307728494623657,22.666330645161292,81.02016129032258,1.5868279569892478,2022
Ceara,2022-06,2.726470588235292,1009.8424305555557,901.214055299539,25.86451388888889,21.423541666666665,77.3861111111111,1.692638888888889,2022
Ceara,2022-07,2.2120000000000006,1010.5857526881721,1021.8045238095244,26.15228494623656,20.703763440860214,73.30712365591398,2.168481182795699,2022
Ceara,2022-08,0.0,1010.8000672043011,1385.004271356785,26.620967741935484,19.779435483870966,67.85416666666667,2.6099462365591397,2022
Ceara,2022-09,0.46666666666666673,1010.4505555555556,1440.4917312661494,27.22569444444444,20.169791666666665,66.56041666666667,3.1373611111111113,2022
Ceara,2022-10,0.6923076923076922,1009.1602822580645,1475.4271820448878,27.812836021505376,20.510887096774194,65.6760752688172,3.2932795698924715,2022
Ceara,2022-11,0.8896551724137927,1008.3561111111111,1386.5686075949363,27.693194444444444,21.06375,68.1986111111111,2.53625,2022
Ceara,2022-12,1.005263157894738,1008.1050403225806,1346.3310173697266,27.94301075268817,21.161693548387095,67.53024193548387,2.771774193548388,2022
