State,Date,Precipitation (mm/day),Atmospheric Pressure(mB),Global Radiation - Daylight (Kj/m²),Air Temperature - Dry Bulb (°C),Dew Point Temperature (°C),Air Relative Humidity (%),Wind Gust (m/s)
Sergipe,2004,1.6690265486725748,1013.9012181238617,1177.7960784313725,26.259454690346082,21.162534153005467,74.06466302367942,3.3866177140255007
Sergipe,2005,1.1924430641822195,1013.6353824200912,15098.198521647308,26.526746575342464,21.560616438356163,74.65821917808219,3.465336757990867
Sergipe,2006,1.4510489510489608,1012.8840125570775,13090.786031610414,27.27478310502283,22.781906392694065,76.88635844748859,3.4126426940639263
Sergipe,2007,1.2391267665049572,1013.6019406392694,1817.0399441340796,25.546974885844747,23.051706621004566,86.4972602739726,3.4188127853881283
Sergipe,2008,1.8987012987013085,1013.0755009107468,1507.2412376779887,26.862687841530054,25.152942850637523,66.76923952641165,3.322096994535519
Sergipe,2009,0.44455958549222735,1013.0411872146119,1541.3722184455044,26.873544520547945,23.977551369863015,84.14920091324201,3.240816210045662
Sergipe,2010,1.3775510204081693,1013.2021974885845,1460.3359669811293,27.025576484018266,22.909383561643835,78.79663242009133,3.6437956621004566
Sergipe,2011,1.771572327044033,1013.3230707762557,1288.010460747479,26.532739726027398,20.56834474885845,69.17825342465754,2.9548230593607308
Sergipe,2012,1.6991708126036518,1014.33695924408,1379.7369609028642,26.485445127504555,16.941302367941713,61.307377049180324,3.132297358834244
Sergipe,2013,2.2773170731707304,1013.9015296803653,1383.5138138761913,26.738755707762557,21.86773401826484,75.54018264840182,3.030565068493151
Sergipe,2014,1.6648514851485245,1014.4840068493152,1343.5263257178822,26.66761415525114,16.537922374429225,63.52625570776256,2.879920091324201
Sergipe,2015,2.075409836065585,1014.5575456621004,1382.013983228511,26.842060502283108,20.245450913242014,67.90273972602739,2.6240981735159816
Sergipe,2016,1.575000000000006,1014.5570582877959,1405.290280687057,26.98765938069217,19.802607012750457,65.35416666666667,1.077066256830601
Sergipe,2017,1.8814589665653498,1014.4266210045661,1361.745536651963,26.628287671232876,19.644680365296804,66.13219178082191,1.0780878995433791
Sergipe,2018,0.4815914489311186,1014.1384817351598,1417.6638195173161,26.793812785388127,19.809075342465754,66.19326484018265,2.7251940639269407
Sergipe,2019,2.064295874822196,1014.1865068493152,1152.9974605775128,27.068789954337902,19.825616438356164,64.1478310502283,2.5240867579908675
Sergipe,2020,1.4763975155279652,1013.8909380692168,1355.3044392523354,26.835860655737708,18.732957650273224,61.96778233151184,2.436133879781421
Sergipe,2021,1.6874269005848017,1013.7548287671234,1344.4635110294162,27.05828767123288,12.712831050228312,54.74012557077626,2.56824200913242
