State,Date,Precipitation (mm/day),Atmospheric Pressure(mB),Global Radiation - Daylight (Kj/m²),Air Temperature - Dry Bulb (°C),Dew Point Temperature (°C),Air Relative Humidity (%),Wind Gust (m/s)
Maranhao,2004,3.224968632371407,1006.2032274590165,17868.669962335218,26.934181466302366,22.972153916211294,79.86264799635701,2.460217440801457
Maranhao,2005,2.404657933042228,1005.550165525114,15530.406006419074,27.34167808219178,23.112043378995434,78.65496575342466,2.276820776255709
Maranhao,2006,2.5259602649006703,1005.9610102739725,17240.33850387791,26.938407534246576,23.0712899543379,80.2712899543379,1.9046347031963469
Maranhao,2007,2.75897435897436,1005.6667066210046,13623.705930599393,27.05011415525114,23.013704337899544,79.55787671232876,3.5092123287671235
Maranhao,2008,2.4531483457844225,1004.3187158469945,1361.6317605163622,26.651064435336977,23.07572859744991,81.69643670309654,1.5744137067395265
Maranhao,2009,2.5267564966313683,1005.0160616438355,1331.53659689399,26.686946347031963,23.139309360730593,81.84172374429224,1.6926369863013697
Maranhao,2010,2.818694885361561,1004.684058219178,1466.10393974508,27.397100456621004,23.59260273972603,80.68807077625571,1.7206164383561642
Maranhao,2011,3.8377384196185615,1004.7866552511415,1355.2016253443514,26.824954337899545,24.30843607305936,85.93099315068493,1.7686529680365297
Maranhao,2012,3.1554347826086957,1005.3051514116574,1395.699451634134,26.97683287795993,24.258811475409836,85.48241120218579,2.199630009107468
Maranhao,2013,3.001877934272303,1005.2705993150684,1391.067397914863,27.13575913242009,23.648464611872146,82.64235159817352,2.0375
Maranhao,2014,2.2153092006033215,1005.7079223744292,1290.6649082035772,26.68267694063927,22.95409817351598,80.89549086757991,1.8754680365296805
Maranhao,2015,2.7456273764258667,1006.0278767123286,1374.494833948342,27.06570205479452,22.949292237442922,79.26010273972602,2.061615296803653
Maranhao,2016,2.6145359019264522,1005.8582422586521,1300.4812158182617,27.33321379781421,23.520941484517305,80.64543488160291,1.9842326958105647
Maranhao,2017,2.6400476758045337,1005.613390410959,1113.6809254013247,27.11171232876712,23.277591324200916,80.6949200913242,1.7539212328767126
Maranhao,2018,2.772749691738601,1005.8316038812785,1251.8192217733351,26.531181506849315,23.130205479452055,82.54583333333333,1.6925513698630137
Maranhao,2019,2.4015317286652067,1005.971792237443,1479.70782593123,26.82562785388128,23.407517123287672,82.48687214611873,1.5663984018264843
Maranhao,2020,0.0,1005.6927311020036,1746.25657602189,26.885063752276867,23.550739981785064,83.00426912568307,1.670525956284153
Maranhao,2021,0.0,1005.3768321917809,2409.4370719178078,26.911900684931506,23.44634703196347,82.23898401826484,1.7918664383561644
