State,Date,Precipitation (mm/day),Atmospheric Pressure(mB),Global Radiation - Daylight (Kj/m²),Air Temperature - Dry Bulb (°C),Dew Point Temperature (°C),Air Relative Humidity (%),Wind Gust (m/s),Year
Goiais,2002-01,2.174626865671643,927.1983870967741,1537.4622641509434,24.632526881720434,20.448521505376345,78.64583333333333,1.2106854838709677,2002
Goiais,2002-02,2.313592233009708,931.3717261904762,1393.6049723756905,23.51547619047619,19.421577380952378,79.7016369047619,1.0786458333333333,2002
Goiais,2002-03,3.0904109589041093,931.9749327956989,1571.3984962406016,24.08508064516129,18.536693548387095,73.82123655913979,1.2651881720430107,2002
Goiais,2002-04,2.3428571428571425,931.8506944444445,1653.9375,24.021319444444444,16.81076388888889,67.46319444444444,1.4608333333333337,2002
Goiais,2002-05,0.6666666666666666,933.1882392473119,1468.1374663072777,22.221370967741937,14.759341397849463,66.49596774193549,1.378629032258065,2002
Goiais,2002-06,0.0,935.7688888888889,1369.1432835820895,21.009444444444448,11.249652777777778,58.154166666666654,1.53631944444444,2002
Goiais,2002-07,0.0,935.171505376344,1363.7304347826087,22.298118279569902,10.822110215053764,52.52486559139785,1.6794354838709686,2002
Goiais,2002-08,3.6666666666666665,934.350940860215,1581.789173789174,24.122647849462364,9.334408602150534,43.24999999999999,2.0176747311827965,2002
Goiais,2002-09,1.9909090909090574,932.8381944444444,1585.6770538243627,24.114375000000003,12.347291666666663,52.63680555555557,1.881597222222219,2002
Goiais,2002-10,2.189473684210527,930.2782930107528,1726.9335443037974,26.905645161290323,14.138440860215061,49.84139784946235,1.2256048387096785,2002
Goiais,2002-11,2.592,931.1825694444444,1346.5804749340368,24.472569444444446,18.491666666666674,71.74652777777777,1.1968750000000026,2002
Goiais,2002-12,2.2780701754385957,930.9377688172042,1352.633971291866,24.34704301075269,19.39206989247312,76.25537634408602,1.0009408602150562,2002
Goiais,2003-01,1.6368131868131837,931.2800403225806,1436.05,23.85672043010753,20.025604838709675,80.46370967741936,1.031787634408602,2003
Goiais,2003-02,2.332142857142855,932.171130952381,1665.030303030303,24.113318452380952,19.0234375,75.8125,1.2032738095238098,2003
Goiais,2003-03,1.9064935064935062,932.0879704301075,1398.4941860465117,23.425336021505377,19.217540322580646,78.75067204301075,1.1796370967741938,2003
Goiais,2003-04,2.9461538461538574,932.9867361111111,1463.8944444444444,23.464583333333334,18.269583333333333,75.25902777777777,1.3174305555555559,2003
Goiais,2003-05,0.3333333333333333,933.8549731182795,1422.701388888889,21.369422043010747,13.888239247311828,66.39919354838707,1.3360215053763447,2003
Goiais,2003-06,1.200000000000091,934.604375,1422.2146892655367,20.641041666666673,11.358194444444445,60.547916666666666,1.3425694444444434,2003
Goiais,2003-07,0.0,936.1579301075269,1478.1978319783198,20.513037634408594,9.163508064516128,53.18548387096773,1.7730510752688158,2003
Goiais,2003-08,0.8555555555555583,934.8172043010753,1549.5,22.572043010752683,10.351680107526883,50.361559139784944,1.7305107526881713,2003
Goiais,2003-09,1.2333333333333334,933.2645138888888,1510.6739726027397,25.045902777777776,12.667152777777778,50.827777777777776,1.9473611111111109,2003
Goiais,2003-10,2.046666666666667,932.3991935483871,1443.4416666666666,24.764919354838714,14.218548387096774,55.63709677419355,1.6981182795698941,2003
Goiais,2003-11,1.9261538461538463,930.7707638888888,1362.485465116279,24.549374999999998,18.637222222222224,71.43194444444444,1.4375694444444453,2003
Goiais,2003-12,2.9705882352941173,930.6678091397849,1538.787234042553,25.142540322580643,18.562029569892466,70.36559139784944,1.2472446236559158,2003
Goiais,2004-01,2.018604651162788,928.9221102150539,1183.387254901961,23.670698924731184,20.12284946236559,81.45833333333333,1.1058467741935485,2004
Goiais,2004-02,2.1864197530864264,931.1950431034483,1309.8111111111111,23.000933908045976,19.629813218390805,82.49568965517241,0.9785201149425287,2004
Goiais,2004-03,2.398130841121494,931.142809139785,1556.9002557544757,23.6627688172043,18.78508064516129,76.57795698924731,1.1619623655913978,2004
Goiais,2004-04,1.6877192982456146,932.164861111111,1385.4375,23.065694444444443,18.3275,76.88888888888889,1.1076388888888888,2004
Goiais,2004-05,1.2769230769230768,934.2702188940092,1237.3148148148148,23.407072264389626,16.54764502575224,68.15637141953556,1.8317385018523542,2004
Goiais,2004-06,0.2,936.452371031746,1363.615835777126,20.03185866013072,12.26986402894491,65.02105508870214,1.4578979925303457,2004
Goiais,2004-07,0.4666666666666668,935.1152553763441,1430.9621621621623,19.949327956989247,10.860752688172044,60.20631720430107,1.8026209677419378,2004
Goiais,2004-08,0.0,935.226814516129,1697.1132075471698,22.11854838709677,7.838642473118279,45.05846774193548,1.8488575268817204,2004
Goiais,2004-09,2.733333333333333,932.5604166666667,1856.8324175824175,26.19833333333333,7.173472222222223,34.30763888888889,1.9614583333333326,2004
Goiais,2004-10,1.9951612903225782,930.8344086021506,1512.0327455919396,25.372177419354852,16.03790322580645,61.33333333333332,1.5821908602150556,2004
Goiais,2004-11,1.9756097560975616,931.4768461815562,1438.3809523809523,24.157323086775538,18.870840537944282,73.62665105667625,1.5352793788024324,2004
Goiais,2004-12,2.4514285714285973,930.6406864909671,1338.2162162162163,23.70749647516345,19.18782904930123,77.47420865482941,1.2264769452449589,2004
Goiais,2005-01,2.1340425531914886,929.9173387096774,1366.9945652173913,24.079973118279568,20.052688172043013,79.45698924731182,0.9679435483870968,2005
Goiais,2005-02,2.2117647058823535,932.7670007861634,1468.953125,26.069498259209343,19.486465352650495,68.8604138589398,1.7472105233602875,2005
Goiais,2005-03,3.88387096774196,931.3227492899168,1386.639880952381,23.98554727125178,20.01175441265977,79.99704554676404,0.8927076993304928,2005
Goiais,2005-04,2.4391304347826064,932.505,1437.522633744856,24.950555555555553,18.114375,68.1638888888889,1.560694444444444,2005
Goiais,2005-05,1.7999999999999996,933.5247983870967,1475.891304347826,21.62244623655914,14.897244623655913,68.97177419354838,1.3817876344086022,2005
Goiais,2005-06,0.4,935.1250694444445,1338.9538011695902,21.028680555555557,13.341458333333334,65.0673611111111,1.5048611111111114,2005
Goiais,2005-07,0.0,936.3260752688171,1385.1728494623658,20.898521505376344,10.84032258064516,56.899193548387096,1.5581989247311827,2005
Goiais,2005-08,0.5,934.5760752688171,1548.058021390376,23.208736559139783,9.754569892473118,46.456989247311824,1.7399193548387097,2005
Goiais,2005-09,1.8055555555555403,932.8015972222222,1481.713649025069,26.412569444444443,15.98659722222222,55.94791666666668,1.776180555555554,2005
Goiais,2005-10,3.3000000000000025,930.9887291883455,1633.735501355013,26.839622355185575,20.230313475546307,67.76207509538675,1.4424059139785002,2005
Goiais,2005-11,2.5433962264150947,929.6571326164875,962.0502512562825,26.009681899641574,21.15388440860215,75.01599462365593,1.1502777777777777,2005
Goiais,2005-12,2.465891472868214,929.7355510752689,965.413524590164,26.35934139784946,21.701478494623654,75.83467741935483,0.9848790322580642,2005
Goiais,2006-01,2.136111111111111,930.965188172043,1182.2229241877264,24.73434139784946,18.55665322580645,69.57123655913979,1.3229166666666667,2006
Goiais,2006-02,1.751612903225805,930.7738095238095,1148.0943349753702,24.507217261904763,19.76845238095238,75.32738095238095,0.9093750000000016,2006
Goiais,2006-03,3.035185185185183,931.0337365591397,827.4474418604651,24.517204301075267,20.181989247311826,77.39650537634408,0.7954301075268817,2006
Goiais,2006-04,2.555882352941175,931.4866666666667,985.7505976095617,24.603055555555557,19.359930555555554,73.39861111111111,1.006041666666667,2006
Goiais,2006-05,0.33953488372092827,934.503561827957,1406.656106870229,22.64213709677419,16.088575268817205,67.35416666666667,1.0581989247311805,2006
Goiais,2006-06,0.2,935.6724305555556,1309.4700000000003,23.68027777777778,15.502222222222223,60.93333333333333,1.3618055555555555,2006
Goiais,2006-07,0.0,935.7960349462365,1326.432336956521,23.757056451612904,14.441532258064516,56.99932795698925,1.3397849462365599,2006
Goiais,2006-08,0.633333333333333,933.9576612903226,1530.9654054054058,25.1059811827957,14.54771505376344,53.19422043010753,1.4512096774193555,2006
Goiais,2006-09,0.4736263736263741,933.0861111111111,1471.4525198938982,26.065555555555555,16.057361111111113,55.36388888888889,1.5434027777777777,2006
Goiais,2006-10,2.2799999999999994,931.0647849462365,1138.0678733031675,25.374193548387098,19.56236559139785,70.76478494623656,1.0607526881720433,2006
Goiais,2006-11,2.9123456790123434,930.1675,1311.055479452055,24.313333333333336,18.15013888888889,69.77222222222223,1.1136111111111109,2006
Goiais,2006-12,2.2888000000000006,931.0922043010752,990.7151020408162,24.49422043010752,19.506586021505374,74.51545698924733,1.002419354838704,2006
Goiais,2007-01,1.8207547169811318,931.0633064516129,1145.5018711018715,24.5747311827957,20.184274193548386,77.25,0.8672043010752689,2007
Goiais,2007-02,2.1211009174311912,930.8662946428572,997.8962524654835,23.98095238095238,20.422470238095237,81.6860119047619,0.8678571428571429,2007
Goiais,2007-03,0.7619047619047612,932.0841397849462,1637.791604938272,24.56619623655914,17.400067204301074,66.59475806451613,1.2341397849462368,2007
Goiais,2007-04,2.616666666666661,932.4488888888889,1483.5114361702128,24.276944444444446,17.308125,67.23402777777778,1.0370833333333331,2007
Goiais,2007-05,0.5359999999999998,933.6720430107526,1430.753475935829,21.524731182795705,13.559341397849462,62.75268817204301,1.2089381720430106,2007
Goiais,2007-06,0.0,935.4455555555556,1425.0766666666673,20.930486111111108,11.025625,57.072916666666664,1.322083333333333,2007
Goiais,2007-07,0.30000000000000004,934.6766801075269,1337.768918918919,21.614919354838708,10.51619623655914,52.87970430107527,1.1561155913978498,2007
Goiais,2007-08,0.0,934.8184139784946,1645.3491935483876,22.857526881720432,6.584341397849462,38.597446236559136,2.3163306451612904,2007
Goiais,2007-09,0.2,933.657013888889,1719.5495912806532,26.143333333333334,7.423541666666666,33.72500000000001,2.0754166666666674,2007
Goiais,2007-10,0.9545454545454546,930.7680779569891,1409.1422982885076,26.567271505376347,13.095900537634407,48.362231182795696,1.3979166666666676,2007
Goiais,2007-11,2.9382352941176784,929.6286805555555,1408.8365617433412,24.71902777777778,18.19868055555556,69.49166666666666,1.2590277777777776,2007
Goiais,2007-12,1.9639639639639612,930.1628360215054,1329.8230425055938,23.68864247311828,19.070698924731186,77.62163978494624,1.0597446236559134,2007
Goiais,2008-01,2.8266666666666653,930.2882392473118,1266.3755148741418,23.612970430107527,19.511290322580646,79.4489247311828,1.046774193548387,2008
Goiais,2008-02,2.186086956521738,931.1447699307685,872.1215753424657,23.52801724137931,20.507902298850574,83.59051724137932,0.9841954022988506,2008
Goiais,2008-03,3.1574468085106364,929.6506096607785,802.6282812499994,23.366532258064517,20.302150537634404,84.09005376344086,1.0075940860215054,2008
Goiais,2008-04,2.917647058823529,929.3874237924027,1025.5759443339962,23.53666666666667,20.123194444444444,78.93749999999996,1.0172222222222222,2008
Goiais,2008-05,1.8277777777777813,929.1242379240268,1254.2019464720202,21.09146505376344,15.664516129032258,72.47244623655914,1.2553763440860215,2008
Goiais,2008-06,0.2,928.861052055651,1309.3358333333333,20.495,12.648263888888886,65.82430555555554,1.2070833333333333,2008
Goiais,2008-07,0.0,928.5978661872754,1419.8491935483871,19.8377688172043,7.849327956989247,51.81989247311828,1.4831989247311828,2008
Goiais,2008-08,0.0,928.330365796467,1584.0153225806444,21.93319892473117,7.515994623655907,42.78629032258065,1.4401881720430108,2008
Goiais,2008-09,2.4142857142857146,928.0671799280914,1599.171505376344,24.660416666666666,9.860763888888888,45.945833333333326,1.5166666666666666,2008
Goiais,2008-10,3.7263157894736847,927.8039940597156,1450.597836538462,25.45067204301075,15.091868279569892,57.29032258064515,1.4991935483870968,2008
Goiais,2008-11,2.781333333333335,928.60375720824,1233.9111904761908,24.16354166666668,18.75666666666666,73.5361111111111,1.270416666666667,2008
Goiais,2008-12,1.9305555555555551,929.5280241935484,1287.0985748218538,23.864045698924723,19.305309139784946,77.74865591397848,1.1586693548387084,2008
Goiais,2009-01,1.7437499999999997,930.959811827957,1470.0947761194036,24.175336021505377,19.297983870967744,76.63978494623656,1.1249999999999998,2009
Goiais,2009-02,1.7936170212765952,930.8738095238094,1527.754670329671,24.226860119047622,19.31108630952381,76.59970238095238,1.0834821428571428,2009
Goiais,2009-03,2.228571428571428,930.5383064516129,1480.1057213930346,24.25040322580645,19.101747311827957,76.15994623655914,1.0526881720430108,2009
Goiais,2009-04,2.5507246376811583,932.1840277777778,1392.706284153006,22.843055555555555,18.1825,77.92777777777778,0.9305555555555556,2009
Goiais,2009-05,1.5885714285714365,933.4272849462366,1433.456535947712,23.625806451612906,16.04287634408602,66.31720430107526,1.1985887096774197,2009
Goiais,2009-06,3.745454545454547,934.8945833333333,1316.8705555555564,20.294444444444444,13.715972222222222,70.11805555555556,1.0918055555555557,2009
Goiais,2009-07,0.4000000000000001,934.5831989247312,1432.1838274932622,21.734005376344086,11.945967741935483,59.04704301075269,1.1431451612903225,2009
Goiais,2009-08,2.415384615384615,933.932997311828,1454.8860589812336,22.987836021505377,11.756451612903225,53.94758064516129,1.5565188172043016,2009
Goiais,2009-09,2.109803921568628,932.9044444444444,1455.3487804878043,24.945277777777775,17.130833333333335,65.36805555555556,1.3366666666666667,2009
Goiais,2009-10,2.9014492753623182,930.4221102150539,1389.1392592592604,24.50087365591398,19.21908602150538,74.35752688172043,1.2555779569892476,2009
Goiais,2009-11,1.8409090909090908,927.8018055555556,1292.8602870813397,24.719305555555557,20.205833333333334,77.37361111111112,1.0219444444444443,2009
Goiais,2009-12,2.396103896103894,929.3533602150538,1198.9468677494199,23.733198924731184,19.90228494623656,80.37231182795699,1.2365591397849462,2009
Goiais,2010-01,1.7350649350649354,929.7658602150539,1424.383618581907,24.513844086021503,19.564247311827955,75.80510752688173,1.016532258064516,2010
Goiais,2010-02,1.1683168316831698,929.2697916666667,1649.1936813186824,24.990476190476187,19.195386904761904,72.49404761904762,1.2584821428571429,2010
Goiais,2010-03,2.083582089552239,929.9129032258064,1316.297256857855,24.444354838709682,19.752956989247313,76.86021505376344,1.1146505376344085,2010
Goiais,2010-04,4.296774193548386,932.4984722222223,1562.5444743935323,23.353055555555557,16.423194444444444,68.99583333333334,1.2555555555555555,2010
Goiais,2010-05,0.2,932.8954301075269,1412.0768817204291,21.96344086021505,13.89260752688172,64.98521505376344,1.1711021505376344,2010
Goiais,2010-06,3.2,935.6672222222222,1384.303611111111,20.669722222222223,11.283472222222223,60.62083333333333,1.3652777777777778,2010
Goiais,2010-07,0.0,935.3806451612902,1436.03494623656,22.087096774193547,9.950403225806452,50.600806451612904,1.9005376344086022,2010
Goiais,2010-08,0.0,934.8411290322581,1637.883561643835,22.577150537634406,6.718346774193547,41.174731182795696,1.6967741935483869,2010
Goiais,2010-09,9.132000000000575,932.0741666666667,1730.6623268698052,26.470347222222223,8.235763888888885,36.32291666666665,1.921180555555554,2010
Goiais,2010-10,2.1150943396226407,930.5774865591399,1420.3583333333331,25.416263440860217,17.19475806451613,64.59744623655914,1.5135752688172042,2010
Goiais,2010-11,2.8452380952381082,929.5134722222222,1309.0782296650723,24.07638888888889,18.767708333333335,74.34930555555556,1.2573611111111131,2010
Goiais,2010-12,2.643859649122806,928.3504032258064,1351.002764976959,24.149327956989247,19.584005376344088,77.79569892473118,1.1565860215053763,2010
Goiais,2011-01,1.4204724409448806,929.4434139784946,1431.2019950124677,23.917002688172044,19.217943548387098,77.30712365591398,1.375,2011
Goiais,2011-02,2.035820895522388,930.7517857142857,1384.1482191780815,23.87455357142857,19.09360119047619,76.80357142857143,1.1220238095238095,2011
Goiais,2011-03,1.4926829268292674,930.1273521505376,1297.57175572519,23.481384408602153,19.820497311827957,81.59341397849462,1.0774193548387094,2011
Goiais,2011-04,0.917647058823529,932.0516666666666,1614.4745257452578,23.705277777777777,17.48472222222222,71.4625,1.4423611111111112,2011
Goiais,2011-05,0.2,933.3040322580645,1402.702688172042,21.711155913978494,14.279032258064516,66.76209677419355,1.5260752688172043,2011
Goiais,2011-06,1.3714285714285712,934.3544444444444,1348.4448467966565,20.562916666666666,12.470277777777778,64.60555555555555,1.4086111111111113,2011
Goiais,2011-07,0.2,934.482930107527,1405.6830645161297,21.064381720430106,10.374327956989248,56.25806451612903,1.4329301075268817,2011
Goiais,2011-08,0.0,933.7615591397849,1617.8544235924928,23.69448924731183,8.195295698924731,42.91263440860215,1.6815860215053768,2011
Goiais,2011-09,0.3,933.45,1688.2981233243977,25.687916666666666,8.323611111111111,38.32083333333333,1.8576388888888888,2011
Goiais,2011-10,2.4399999999999977,930.6428763440861,1290.4798053527984,23.554032258064517,17.72258064516129,72.75806451612904,1.5141129032258065,2011
Goiais,2011-11,2.2342105263157896,930.2243055555556,1438.0154761904766,23.76875,17.709583333333335,71.66388888888889,1.348888888888889,2011
Goiais,2011-12,2.1542857142857117,930.1270161290323,1179.0112903225806,23.27029569892473,19.308333333333334,79.98924731182795,1.161021505376344,2011
Goiais,2012-01,0.5524553571428542,931.1283602150538,1325.7987046632124,22.681384408602153,18.830040322580643,80.51881720430107,1.0641129032258065,2012
Goiais,2012-02,3.4867924528301866,931.333620689655,1578.457894736842,23.395977011494253,18.22586206896552,75.62068965517241,1.1903735632183907,2012
Goiais,2012-03,3.9499999999999997,931.7760752688172,1469.7975124378108,23.743817204301077,18.25900537634409,74.49193548387096,1.118010752688172,2012
Goiais,2012-04,2.065116279069767,931.7602777777778,1455.7284931506847,23.84208333333333,18.73097222222222,75.69305555555556,0.9993055555555556,2012
Goiais,2012-05,2.1181818181818186,934.0217741935484,1361.464247311828,21.306317204301074,15.642741935483873,73.02688172043011,1.3880376344086023,2012
Goiais,2012-06,4.942857142857143,934.7559722222223,1331.3399999999986,21.775972222222222,15.260000000000002,70.15,1.2415277777777778,2012
Goiais,2012-07,1.32,935.0127688172043,1425.3572580645155,20.7880376344086,11.413844086021506,60.560483870967744,1.351478494623656,2012
Goiais,2012-08,0.0,936.2161290322581,1576.631165311655,22.340725806451612,8.94516129032258,46.01814516129032,2.3331317204301087,2012
Goiais,2012-09,2.5925925925925917,933.7202083333334,1611.0201117318427,25.277500000000003,11.118541666666665,47.02986111111111,1.5386805555555554,2012
Goiais,2012-10,5.643478260869564,930.6956989247311,1652.2436893203885,26.376478494623655,13.993817204301076,52.00403225806452,1.6095430107526882,2012
Goiais,2012-11,3.0393258426966265,929.2525694444444,1295.3875299760193,24.118055555555557,19.610555555555557,77.65,1.4179166666666667,2012
Goiais,2012-12,2.7188405797101436,930.0727150537634,1471.9352534562204,24.84395161290323,19.301075268817204,73.81989247311827,1.289247311827957,2012
Goiais,2013-01,2.2526315789473657,930.5815860215054,1276.7491525423727,23.65456989247312,19.69260752688172,80.39784946236558,1.247983870967742,2013
Goiais,2013-02,1.8769230769230778,930.9527529761905,1452.7698895027634,24.096354166666668,18.89375,75.6733630952381,1.0933779761904763,2013
Goiais,2013-03,2.220370370370369,931.2407258064516,1399.4683544303798,24.51518817204301,19.653763440860214,76.61290322580645,1.1458333333333333,2013
Goiais,2013-04,1.2756756756756757,932.52875,1408.0071428571428,23.066805555555554,17.84638888888889,74.87083333333334,1.2018055555555556,2013
Goiais,2013-05,2.4933333333333336,933.2832661290323,1406.9425876010785,22.24287634408602,15.094556451612904,67.77822580645162,1.0721102150537636,2013
Goiais,2013-06,0.5999999999999998,934.1852777777779,1198.7733893557418,21.981527777777778,15.575972222222223,70.5736111111111,0.9122222222222223,2013
Goiais,2013-07,0.0,935.3137768817204,1316.0730458221026,20.944018817204302,11.516397849462367,59.5994623655914,1.3229166666666667,2013
Goiais,2013-08,0.7999999999999999,934.05,1517.232795698924,22.63239247311828,9.363172043010753,47.44086021505376,1.3823924731182795,2013
Goiais,2013-09,3.111111111111111,932.739861111111,1551.0770718232047,25.117222222222225,12.420833333333333,49.456944444444446,1.7918055555555554,2013
Goiais,2013-10,2.258620689655173,931.4432795698925,1457.542079207921,24.806048387096777,16.713709677419356,64.54704301075269,1.2362903225806452,2013
Goiais,2013-11,2.599999999999999,929.8572222222222,1418.9688249400485,23.979444444444447,18.56375,74.44305555555556,1.0502777777777779,2013
Goiais,2013-12,3.0827586206896522,929.1209677419355,1337.5662817551959,23.840994623655916,19.62728494623656,78.88978494623656,1.1283602150537635,2013
Goiais,2014-01,1.6174757281553365,931.92311827957,1619.554265402845,24.29932795698925,17.669220430107526,69.75537634408602,1.1318548387096774,2014
Goiais,2014-02,2.3614457831325293,930.9669642857143,1492.7456043956045,24.002529761904764,17.682738095238093,71.10565476190476,1.1565476190476192,2014
Goiais,2014-03,2.381102362204723,931.6283602150538,1294.3627551020409,23.40282258064516,19.273924731182795,79.57123655913979,0.8915322580645161,2014
Goiais,2014-04,3.919354838709677,932.2070833333333,1439.3760330578511,23.779305555555553,18.976666666666667,76.61527777777778,1.017638888888889,2014
Goiais,2014-05,2.92,933.2037634408601,1405.360695187166,21.919086021505375,15.22728494623656,69.30510752688173,1.0084677419354837,2014
Goiais,2014-06,0.2,934.5541666666667,1255.7852777777787,21.196388888888887,13.495694444444444,65.4625,1.1879166666666665,2014
Goiais,2014-07,1.1384615384615384,936.4196236559139,1248.3105121293804,20.938306451612902,11.570698924731182,59.99327956989247,1.3486559139784946,2014
Goiais,2014-08,0.0,934.6356182795699,1556.0077956989244,23.19287634408602,9.075268817204302,45.90456989247312,1.546505376344086,2014
Goiais,2014-09,5.199999999999999,932.3818055555556,1631.2945205479468,26.065833333333334,12.985555555555557,48.94722222222222,1.4883333333333333,2014
Goiais,2014-10,0.0,931.6202956989247,1572.9681481481482,26.498252688172045,12.705510752688172,48.68279569892473,1.4700268817204303,2014
Goiais,2014-11,2.351162790697673,930.3580555555557,1368.0039506172834,24.525277777777777,18.497638888888886,71.90277777777777,1.0268055555555555,2014
Goiais,2014-12,1.5594594594594582,931.0702956989248,1295.6445727482674,23.719220430107526,18.60322580645161,75.60215053763442,1.0748655913978495,2014
Goiais,2015-01,1.3548387096774193,932.0065860215054,1724.9206812652092,25.752956989247313,17.046102150537635,62.83534946236559,1.290456989247312,2015
Goiais,2015-02,2.233766233766233,931.5955357142857,1416.44517906336,24.013244047619047,18.41324404761905,73.77529761904762,1.1714285714285715,2015
Goiais,2015-03,1.6262773722627726,931.769623655914,1257.3294710327452,23.28864247311828,19.101612903225806,79.05981182795699,0.9317204301075269,2015
Goiais,2015-04,1.9588235294117653,932.0988888888888,1356.3215846994544,24.088472222222222,19.267083333333332,76.45138888888889,0.9202777777777779,2015
Goiais,2015-05,3.3357142857142863,933.9001344086021,1305.537365591397,22.383198924731182,16.612903225806452,72.42338709677419,1.1649193548387098,2015
Goiais,2015-06,0.0,935.8358333333334,1315.2944444444447,21.62611111111111,13.879583333333333,64.72361111111111,1.3736111111111111,2015
Goiais,2015-07,0.44000000000000006,935.1376344086021,1263.919086021506,21.92956989247312,12.14516129032258,58.810483870967744,1.2256720430107526,2015
Goiais,2015-08,2.3333333333333335,934.3217741935484,1528.3440860215037,23.334811827956987,9.515591397849462,46.43279569892473,1.5705645161290323,2015
Goiais,2015-09,1.8923076923076925,931.6590277777777,1539.400554016622,26.517916666666668,12.144166666666665,46.94305555555555,1.2880555555555555,2015
Goiais,2015-10,2.371428571428571,931.1030913978494,1572.4556390977439,28.03010752688172,13.61733870967742,47.663978494623656,1.3626344086021505,2015
Goiais,2015-11,3.2641975308641973,930.1190277777777,1499.330975609757,25.76611111111111,18.600694444444443,68.49444444444444,1.3031944444444443,2015
Goiais,2015-12,1.8915254237288144,931.9142473118279,1387.7057603686633,25.290591397849465,18.536424731182795,69.24193548387096,1.1904569892473118,2015
Goiais,2016-01,1.8083682008368183,930.1442204301076,1110.530394431554,23.995564516129033,20.19475806451613,80.79838709677419,1.1071236559139785,2016
Goiais,2016-02,2.026315789473684,932.0614942528737,1512.6737532808397,25.14683908045977,18.97485632183908,71.48994252873563,1.0216954022988507,2016
Goiais,2016-03,1.0877419354838727,932.685752688172,1419.57746835443,24.774596774193547,19.056451612903224,73.47849462365592,1.0755376344086023,2016
Goiais,2016-04,0.2,932.3155555555555,1644.0558333333333,25.002083333333335,15.438194444444445,59.17916666666667,1.2783333333333333,2016
Goiais,2016-05,4.446153846153847,934.3220430107526,1376.9174262734577,23.44717741935484,15.052284946236558,63.318548387096776,1.1163978494623656,2016
Goiais,2016-06,0.0,935.8011111111111,1304.9311111111117,21.455555555555556,12.009305555555557,59.0625,1.29875,2016
Goiais,2016-07,0.0,935.11061827957,1415.1225806451619,22.01975806451613,9.49018817204301,49.98521505376344,1.312768817204301,2016
Goiais,2016-08,0.5000000000000001,933.9280913978495,1452.4510752688182,23.67459677419355,10.554704301075269,48.766129032258064,1.333467741935484,2016
Goiais,2016-09,0.5,932.7283333333334,1678.9634877384199,26.329722222222223,11.338333333333335,43.53472222222222,1.5361111111111112,2016
Goiais,2016-10,2.508771929824561,930.860752688172,1534.0670761670763,25.543682795698924,16.066397849462366,60.15725806451613,1.2974462365591397,2016
Goiais,2016-11,1.1085106382978729,930.2925,1227.9236009732344,24.08486111111111,18.663194444444443,73.60555555555555,1.188611111111111,2016
Goiais,2016-12,2.549999999999999,930.7815860215054,1431.3027713625854,24.35672043010753,18.219623655913978,71.2741935483871,1.3303763440860215,2016
Goiais,2017-01,2.4344827586206894,931.3001344086022,1483.8560975609744,24.56639784946237,18.36008064516129,71.31317204301075,1.1900537634408601,2017
Goiais,2017-02,2.793650793650793,931.0997023809524,1439.319726027397,24.075,18.583035714285714,73.65625,1.1105654761904762,2017
Goiais,2017-03,2.8121951219512185,931.4158602150538,1402.5669154228851,24.41478494623656,18.956854838709678,74.02688172043011,0.9619623655913979,2017
Goiais,2017-04,3.5290322580645164,932.1919444444444,1464.4524861878465,24.49111111111111,18.361250000000002,71.44027777777778,1.0240277777777778,2017
Goiais,2017-05,4.261538461538462,933.2475806451612,1393.4946236559142,23.254435483870967,16.236962365591395,68.18817204301075,1.0739247311827957,2017
Goiais,2017-06,1.866666666666667,935.13125,1327.2263888888897,21.476666666666667,12.907638888888888,61.90833333333333,1.4608333333333332,2017
Goiais,2017-07,0.0,937.9181451612903,1460.6088709677417,19.608333333333334,8.508333333333333,52.44892473118279,1.8560483870967743,2017
Goiais,2017-08,0.0,933.5579301075269,1551.322849462365,23.645698924731185,8.095430107526882,42.80107526881721,1.1059139784946237,2017
Goiais,2017-09,1.4428571428571426,934.0027777777777,1674.015277777777,25.236527777777777,6.961111111111111,35.31805555555555,1.8984722222222223,2017
Goiais,2017-10,2.4499999999999997,930.549193548387,1614.8985037406467,27.116666666666667,11.682795698924732,44.03225806451613,1.4776881720430108,2017
Goiais,2017-11,2.620512820512822,929.7715277777778,1334.7012077294692,24.415694444444444,17.960416666666667,70.10416666666667,1.1309722222222223,2017
Goiais,2017-12,1.8729927007299263,930.079569892473,1239.7831408775978,23.718010752688173,18.995295698924732,76.90188172043011,1.0028225806451614,2017
Goiais,2018-01,1.9458823529411755,930.8935483870969,1495.8114914425425,24.21518817204301,17.84543010752688,71.14784946236558,1.062768817204301,2018
Goiais,2018-02,3.3600000000000008,930.3461309523809,1390.0910326086957,24.104910714285715,18.62098214285714,73.99404761904762,1.0305059523809523,2018
Goiais,2018-03,2.0712871287128714,930.8577956989246,1474.2408521303253,24.52405913978495,19.11545698924731,74.41935483870968,0.8952956989247313,2018
Goiais,2018-04,3.111627906976744,933.0786111111111,1354.1145604395595,23.184305555555557,17.56111111111111,73.06944444444444,1.157361111111111,2018
Goiais,2018-05,1.1749999999999996,934.3924731182796,1369.5901069518711,21.625940860215056,13.871505376344086,65.08333333333333,1.1806451612903226,2018
Goiais,2018-06,0.0,935.3795833333334,1299.4619444444447,21.686666666666667,12.393194444444445,59.980555555555554,0.9927777777777778,2018
Goiais,2018-07,0.0,935.2946236559139,1408.6268817204302,21.156451612903226,9.752822580645162,53.35752688172043,1.1581989247311828,2018
Goiais,2018-08,2.088888888888889,934.4557795698925,1472.7115281501347,23.866935483870968,10.688978494623656,48.361559139784944,1.3044354838709677,2018
Goiais,2018-09,1.5200000000000002,931.4743055555556,1601.801917808219,25.295416666666668,11.027083333333334,46.72083333333333,1.2425,2018
Goiais,2018-10,2.063888888888888,930.7537634408603,1351.3632352941174,25.39166666666667,18.19005376344086,67.54569892473118,1.0762096774193548,2018
Goiais,2018-11,2.0636363636363626,930.4043055555555,1108.0366028708138,23.81361111111111,18.898194444444446,75.77361111111111,0.976111111111111,2018
Goiais,2018-12,2.397402597402597,931.4368279569892,1500.1877598152419,24.654973118279568,17.830645161290324,69.19220430107526,1.096236559139785,2018
Goiais,2019-01,1.4044444444444446,932.6977150537634,1606.968867924527,25.148252688172043,17.38239247311828,65.8508064516129,1.1776881720430108,2019
Goiais,2019-02,2.1276190476190457,931.3119047619048,1433.8412568306007,24.56949404761905,18.90520833333333,73.64434523809524,0.9785714285714286,2019
Goiais,2019-03,2.0089552238805966,932.1747311827957,1380.153282828283,24.43266129032258,19.015725806451613,73.94354838709677,0.9849462365591397,2019
Goiais,2019-04,4.274193548387094,932.1943055555556,1380.0274932614557,24.125138888888888,18.7825,74.7125,0.8080555555555555,2019
Goiais,2019-05,1.8500000000000008,932.9827956989246,1316.83692722372,23.235752688172045,16.889112903225808,70.8024193548387,0.8786290322580645,2019
Goiais,2019-06,0.0,935.864375,1322.6133333333337,21.430208333333333,12.521527777777777,60.99236111111111,1.2475694444444445,2019
Goiais,2019-07,0.2,935.4224462365592,1348.4293010752697,20.876881720430106,9.673118279569893,53.649193548387096,1.215725806451613,2019
Goiais,2019-08,0.0,935.6654569892473,1466.8314516129053,23.900134408602153,9.139381720430107,43.31720430107527,1.3198924731182795,2019
Goiais,2019-09,2.088888888888889,932.2381944444444,1591.4236914600551,27.37333333333333,9.001249999999999,37.03333333333333,1.2431944444444445,2019
Goiais,2019-10,2.2411764705882353,930.7668010752689,1543.0064356435637,26.75551075268817,14.453629032258064,51.87768817204301,1.183736559139785,2019
Goiais,2019-11,3.2269230769230766,929.8444444444444,1448.0967741935492,25.493611111111115,17.799305555555556,65.87361111111112,1.0373611111111112,2019
Goiais,2019-12,2.7721518987341773,930.5551075268817,1408.8002320185617,24.816666666666666,18.65967741935484,71.4260752688172,0.9504032258064516,2019
Goiais,2020-01,2.213986013986011,930.3655913978495,1314.9824884792638,24.66478494623656,19.69435483870968,76.03360215053763,1.0123655913978495,2020
Goiais,2020-02,3.314074074074071,931.5806034482758,1295.7635658914721,24.16896551724138,19.645545977011494,77.70114942528735,0.8248563218390805,2020
Goiais,2020-03,1.7661538461538469,931.3779569892472,1409.9913043478268,24.51975806451613,18.94274193548387,73.73252688172043,0.8663978494623656,2020
Goiais,2020-04,1.9868852459016462,933.03875,1405.3762039660062,23.788194444444443,18.20895833333333,73.55625,0.9300000000000002,2020
Goiais,2020-05,1.0444444444444443,934.566129032258,1326.8905913978492,21.01706989247312,14.248387096774193,69.02822580645162,0.8900537634408603,2020
Goiais,2020-06,0.0,935.0158333333334,1303.1244444444437,21.491666666666667,12.681527777777779,61.55555555555556,1.0373611111111112,2020
Goiais,2020-07,0.0,934.7768817204301,1366.1620967741935,21.7625,10.045430107526881,52.13306451612903,1.118279569892473,2020
Goiais,2020-08,0.0,934.2674731182796,1618.584677419355,23.120967741935484,8.712096774193549,44.604838709677416,1.4904569892473118,2020
Goiais,2020-09,0.3333333333333333,932.6284722222222,1622.7493297587127,26.79013888888889,7.994583333333334,35.225,1.3865277777777778,2020
Goiais,2020-10,2.3,930.4236559139785,1388.5298765432092,26.556586021505375,14.221908602150538,54.903225806451616,1.1290322580645162,2020
Goiais,2020-11,3.1396226415094346,930.6844444444445,1608.0324050632921,24.997361111111108,16.638333333333335,63.3875,1.1177777777777778,2020
Goiais,2020-12,2.8278481012658223,930.4858870967741,1426.8223255813955,25.088709677419356,18.158736559139786,68.92338709677419,0.9373655913978495,2020
Goiais,2021-01,4.476595744680849,930.7186827956989,1380.7272517321012,24.717741935483872,18.145430107526884,69.92069892473118,0.8641129032258065,2021
Goiais,2021-02,4.274336283185837,929.9517857142857,1261.4809895833325,23.727678571428573,19.117113095238096,77.36458333333333,0.8717261904761904,2021
Goiais,2021-03,2.766233766233768,931.4827956989246,1357.5221354166667,23.543279569892473,17.906182795698925,73.86021505376344,0.7235215053763441,2021
Goiais,2021-04,3.7428571428571438,932.0294444444444,1495.839502762431,23.228333333333335,16.275972222222222,68.49722222222222,0.8913888888888888,2021
Goiais,2021-05,0.0,934.0088709677419,1344.0024193548395,22.15739247311828,14.099327956989248,64.34005376344086,0.8508064516129032,2021
Goiais,2021-06,0.2,934.675,1241.7094444444447,21.15513888888889,11.682638888888889,59.65694444444444,0.9263888888888889,2021
Goiais,2021-07,0.0,936.0774193548386,1372.8497311827964,20.04731182795699,7.393413978494624,49.15725806451613,1.0872311827956989,2021
Goiais,2021-08,4.7,934.399059139785,1536.734139784946,23.72405913978495,8.220295698924732,41.78225806451613,1.223521505376344,2021
Goiais,2021-09,0.5000000000000001,931.8658333333334,1537.386422976502,27.30222222222222,9.745138888888889,38.94166666666667,1.051111111111111,2021
Goiais,2021-10,2.735714285714286,930.7924731182795,1564.2625698324016,26.744556451612883,17.222715053763434,59.30040322580646,1.2530241935483886,2021
Goiais,2021-11,1.568862275449099,929.7555555555556,1215.891469194313,24.04291666666667,19.214583333333334,76.36944444444444,0.7991666666666666,2021
Goiais,2021-12,0.8742081447963812,928.7622311827956,1344.002954545454,24.188709677419357,19.36008064516129,76.52150537634408,0.7723118279569893,2021
Goiais,2022-01,0.0,930.4048387096774,1418.044096385542,23.98911290322581,18.27069892473118,73.47177419354838,0.9567204301075268,2022
Goiais,2022-02,0.0,930.8162202380952,1481.1349862258953,24.099553571428572,18.692261904761907,74.44642857142857,0.8369047619047618,2022
Goiais,2022-03,1.3809523809523814,931.108064516129,1556.8141439205942,24.70779569892473,17.876344086021504,69.04435483870968,0.8262096774193549,2022
Goiais,2022-04,2.028571428571428,931.7163888888889,1587.0016393442622,24.603333333333335,16.06763888888889,62.91388888888889,0.9490277777777777,2022
Goiais,2022-05,1.7999999999999998,933.9868279569891,1315.679144385026,21.365188172043013,12.359543010752688,60.708333333333336,0.9676075268817204,2022
Goiais,2022-06,1.1333333333333335,933.99,1274.700833333333,21.45861111111111,11.530972222222221,58.25972222222222,0.97625,2022
Goiais,2022-07,0.0,934.8780913978495,1385.5298387096773,21.567204301075268,8.8002688172043,49.189516129032256,1.0442204301075269,2022
Goiais,2022-08,0.0,933.9606182795699,1518.6916666666664,23.535887096774193,7.655645161290323,40.78763440860215,1.2858870967741935,2022
Goiais,2022-09,1.8761904761904757,932.09125,1439.4917808219182,26.035833333333333,11.022916666666667,45.34166666666667,1.2016666666666667,2022
Goiais,2022-10,2.2893617021276595,931.0938172043011,1510.2923456790115,25.538709677419355,14.866397849462366,57.43010752688172,1.0426075268817205,2022
Goiais,2022-11,1.6750000000000005,930.1304166666667,1399.3644391408122,23.690694444444443,16.724305555555556,68.23333333333333,1.0890277777777777,2022
Goiais,2022-12,2.0614678899082546,929.5985215053764,1231.739491916859,23.50712365591398,19.032123655913978,77.79569892473118,0.8418010752688171,2022
