State,Date,Precipitation (mm/day),Atmospheric Pressure(mB),Global Radiation - Daylight (Kj/m²),Air Temperature - Dry Bulb (°C),Dew Point Temperature (°C),Air Relative Humidity (%),Wind Gust (m/s)
Acre,2009-01,2.4836956521739113,984.7216397849463,1279.7136919315406,25.03951612903226,22.556854838709675,86.64784946236558,1.9678091397849462
Acre,2009-02,1.6982456140350868,984.0569940476191,1136.2383152173904,24.594047619047622,22.545758928571427,88.72991071428571,1.9428571428571426
Acre,2009-03,2.796116504854365,984.1572580645161,1255.817917675544,24.937365591397853,22.783602150537636,88.26344086021506,1.4047043010752687
Acre,2009-04,3.192307692307689,985.6358333333334,1099.136548223351,24.65972222222222,22.875138888888888,90.075,0.5863888888888888
Acre,2009-05,1.8000000000000016,985.9720430107526,1118.6874396135263,24.87889784946237,22.677688172043013,87.97446236559139,0.6928763440860215
Acre,2009-06,2.746153846153848,988.0166666666667,1076.9243781094528,22.95888888888889,20.299305555555556,85.56527777777778,0.9129166666666666
Acre,2009-07,0.7176470588235294,987.308870967742,1352.6250000000002,24.151478494623657,20.371908602150537,80.35215053763442,0.6904569892473119
Acre,2009-08,3.9777777777777783,985.9666666666666,1512.6609876543193,26.00161290322581,19.83965053763441,70.74596774193549,1.4631720430107527
Acre,2009-09,5.161904761904762,985.9837500000001,1564.095384615385,26.382916666666667,19.847361111111113,69.46388888888889,2.24625
Acre,2009-10,3.0846153846153848,983.3959005376345,1579.1705000000004,26.750403225806444,21.67970430107527,75.2728494623656,1.8077284946236585
Acre,2009-11,2.666666666666665,982.0847222222222,1449.59462915601,26.16333333333333,22.824444444444442,82.7,1.8230555555555554
Acre,2009-12,2.9433962264150924,983.8688172043011,1098.1639705882353,24.85766129032258,22.883467741935483,89.09543010752688,1.6518817204301075
Acre,2010-01,2.4392156862745087,984.0631720430108,1263.0659203980097,25.464516129032255,23.04260752688172,86.99193548387096,1.7336021505376344
Acre,2010-02,2.719999999999999,983.6873511904762,1226.0693989071044,25.862202380952382,23.491517857142856,87.22916666666667,1.3284226190476192
Acre,2010-03,1.8737864077669897,984.370564516129,1198.1370098039217,25.732795698924733,23.50766129032258,87.95295698924731,1.076747311827957
Acre,2010-04,2.251428571428572,985.4654166666667,1347.8721227621477,25.891944444444444,22.5325,82.53055555555555,1.173888888888889
Acre,2010-05,1.2909090909090908,986.5739247311828,1211.5764705882352,24.293548387096777,20.693010752688174,81.40860215053763,1.2216397849462366
Acre,2010-06,2.066666666666667,987.922638888889,1333.4365038560427,25.16125,20.58972222222222,76.92777777777778,1.0984722222222223
Acre,2010-07,1.2999999999999998,987.865994623656,1283.986764705883,23.877688172043012,17.578091397849462,69.72446236559139,1.6196236559139785
Acre,2010-08,0.7111111111111111,986.9021505376344,1341.699242424243,26.19354838709678,15.446639784946235,54.55443548387097,1.6281586021505374
Acre,2010-09,1.0285714285714287,984.4969444444445,1303.837435897436,27.662361111111114,19.017500000000002,62.06944444444444,1.9558333333333333
Acre,2010-10,2.4232558139534883,984.1643817204301,1316.5089108910888,26.521370967741937,20.834408602150535,73.24731182795699,1.696505376344086
Acre,2010-11,1.7078947368421058,982.9177777777778,1388.3801007556658,25.553333333333335,21.610416666666666,80.04166666666667,1.6429166666666668
Acre,2010-12,1.878378378378378,982.291129032258,1358.452605459057,25.200806451612905,22.154032258064515,83.89516129032258,1.824731182795699
Acre,2011-01,1.8946236559139777,982.8534946236559,1249.313691931541,24.908870967741937,22.4752688172043,86.71505376344086,1.6239247311827958
Acre,2011-02,3.019565217391302,984.1422619047619,1151.8416216216208,24.56592261904762,22.37485119047619,87.89732142857143,1.353125
Acre,2011-03,2.1326315789473687,983.8862231182795,1168.4260759493666,24.678629032258065,22.426209677419358,87.63911290322581,1.109543010752688
Acre,2011-04,3.0567567567567555,984.9095833333333,1182.9758354755782,25.00722222222222,22.706944444444446,87.53472222222223,0.9769444444444444
Acre,2011-05,2.168421052631579,986.3475806451613,1307.4990147783244,24.443682795698923,21.11975806451613,82.35887096774194,1.16747311827957
Acre,2011-06,2.4,986.7706944444445,1275.7223076923071,24.770277777777775,20.737083333333334,79.17361111111111,1.1322222222222222
Acre,2011-07,2.0,986.5541666666667,1365.9448877805487,25.237903225806452,19.04045698924731,70.38575268817205,1.6475806451612902
Acre,2011-08,2.507692307692307,986.7538978494624,1406.1170370370357,25.55201612903226,17.084139784946238,62.52956989247312,1.518279569892473
Acre,2011-09,4.814285714285715,986.4294444444444,1484.2209183673472,26.495277777777776,20.199583333333333,70.53611111111111,0.9759722222222222
Acre,2011-10,3.0941176470588228,983.3252688172043,1407.4363861386137,25.427150537634407,22.611424731182797,85.11559139784946,0.851747311827957
Acre,2011-11,3.036842105263157,982.9918055555555,1568.7103797468349,26.101388888888888,23.06625,84.13888888888889,0.888611111111111
Acre,2011-12,2.57471264367816,983.5698924731183,1323.2362745098035,25.198521505376345,12.654301075268792,94.0,0.8303763440860215
Acre,2012-01,3.5297297297297257,984.2700268817205,1045.3205811138016,24.46693548387097,4.101881720430108,10.0,0.6486559139784946
Acre,2012-02,3.4444444444444406,984.2234195402299,1162.535863874345,24.286206896551725,3.111494252873563,10.0,0.3629310344827586
Acre,2012-03,2.4592592592592575,985.4948924731182,1298.7603448275859,24.73951612903226,-3.7267793594306053,10.0,0.28118279569892474
Acre,2012-04,1.2689655172413803,985.1558333333332,1257.9222222222218,25.23013888888889,-5.941014234875446,10.0,0.2665277777777778
Acre,2012-05,10.200000000000001,986.4849462365592,1331.670792079208,24.833198924731185,-8.155249110320286,10.0,0.1553763440860215
Acre,2012-06,4.007407407407409,987.8495833333333,1211.1964102564089,24.253055555555555,-5.958072219397839,13.285416666666666,0.20111111111111113
Acre,2012-07,4.075,988.0649193548388,1463.628358208955,24.218682795698925,-0.8553475422427015,24.831989247311828,0.6075268817204302
Acre,2012-08,1.0799999999999998,987.6719086021506,1500.9191542288563,25.514247311827955,17.325336021505375,63.71370967741935,1.7590053763440865
Acre,2012-09,3.2888888888888896,986.5466666666666,1398.157544757034,26.705833333333334,19.277638888888887,66.88194444444444,1.9504166666666667
Acre,2012-10,4.097058823529411,984.3748655913979,1489.7276119402982,25.99072580645161,21.50577956989247,78.22043010752688,1.7309139784946237
Acre,2012-11,3.474074074074071,983.3933333333333,1412.1507692307705,25.8,22.357916666666668,82.63888888888889,1.8370833333333334
Acre,2012-12,2.0999999999999983,983.632123655914,1297.7652912621359,25.096774193548388,22.218279569892474,84.96908602150538,1.7533602150537635
Acre,2013-01,3.396330275229358,985.0529569892474,1272.182422802849,25.35470430107527,22.621236559139785,85.76881720430107,1.7849462365591398
Acre,2013-02,2.8795918367346913,984.477380952381,1221.4486413043473,25.253124999999997,22.544940476190476,85.83779761904762,1.8049107142857144
Acre,2013-03,2.488495575221232,985.2639784946236,1208.6267326732668,25.15967741935484,22.70954301075269,87.20698924731182,1.633736559139785
Acre,2013-04,1.9000000000000001,986.0755555555556,1493.6271099744242,25.402916666666666,21.526944444444442,80.77361111111111,1.871388888888889
Acre,2013-05,1.693333333333334,986.8235215053763,1068.6912195121938,24.666263440860217,21.70725806451613,84.72446236559139,1.4681451612903225
Acre,2013-06,0.9882352941176471,987.0633333333333,1205.080719794343,25.159027777777776,21.749583333333334,82.71805555555555,1.1723611111111112
Acre,2013-07,0.0,988.7538306451613,1262.9620689655171,24.017943548387095,18.687836021505376,74.71370967741936,1.5135752688172042
Acre,2013-08,3.4190476190476202,987.4356182795699,1492.475879396987,24.389830508474578,16.283932476763262,64.09966739566248,1.9891470749043192
Acre,2013-09,3.4857142857142853,986.16875,1562.3119318181825,25.94127236346516,19.182019774011305,69.06576035781544,1.9291313559322032
Acre,2013-10,2.6107142857142853,985.015994623656,1360.4861650485436,25.36948924731183,21.703629032258064,81.68010752688173,1.2908602150537634
Acre,2013-11,2.6976190476190482,983.1269444444445,1314.1056930693064,25.35402777777778,21.90111111111111,82.53611111111111,1.6275
Acre,2013-12,2.396078431372548,983.764247311828,1314.6362768496424,25.528629032258063,22.441532258064516,84.06048387096774,2.018951612903226
Acre,2014-01,3.0609374999999988,984.8735215053764,1122.520134228188,24.87043010752688,22.317741935483873,86.52553763440861,1.8473118279569893
Acre,2014-02,2.8056603773584894,984.5684523809524,1160.9527704485495,24.857886904761905,22.374255952380953,86.88839285714286,1.7291666666666667
Acre,2014-03,2.4330275229357787,985.5043010752687,1137.7457212713941,24.840725806451612,22.451747311827955,87.27016129032258,1.476478494623656
Acre,2014-04,1.9024390243902438,988.0936111111112,854.8813793103451,25.042222222222225,22.324027777777776,85.84861111111111,0.7822222222222223
Acre,2014-05,0.3768085138274754,989.0043049812072,927.3347593582893,26.831884147098194,23.281375821078107,81.9283130113732,1.1115366183105957
Acre,2014-06,0.047938994229183865,987.8333573784007,0.0,30.332213520197854,24.06442704039571,69.28091508656225,3.2640457543281123
Acre,2014-07,0.10828524319868099,986.4906533388292,0.0,30.121001648804615,23.642003297609232,68.37572135201978,3.218786067600989
Acre,2014-08,0.16962077493816985,985.1259377576257,0.0,29.906327287716405,23.21265457543281,67.45568837592745,3.1727844187963727
Acre,2014-09,0.22996702390766693,983.7832337180544,0.0,29.69511541632317,22.79023083264633,66.55049464138499,3.12752473206925
Acre,2014-10,0.2903132728771641,982.440529678483,0.0,29.483903544929923,22.367807089859852,65.64530090684254,3.0822650453421265
Acre,2014-11,0.35065952184666127,981.0978256389117,0.0,29.272691673536688,21.94538334707337,64.74010717230009,3.0370053586150036
Acre,2014-12,0.7008743746400299,983.2335607365103,1226.9224637681168,26.32084192085738,22.095447282574973,78.82146537510305,1.9715840214433245
Acre,2015-01,3.205434782608694,986.1120295698925,1102.585679012346,24.383064516129032,22.11592741935484,87.88844086021506,1.3585349462365592
Acre,2015-02,2.8330434782608687,985.1002976190476,1092.0959677419357,24.92291666666667,22.391220238095237,86.74255952380952,1.611904761904762
Acre,2015-03,3.6341463414634148,984.6292737459124,1158.476219512195,24.363241308793455,22.38901418770556,89.46726956169367,1.4401483908630397
Acre,2015-04,0.0,986.0676671292239,795.0523809523809,26.06617842535787,22.778852006037592,82.36993256402765,1.4205966627748587
Acre,2015-05,0.16782903441236888,987.4836347970545,998.4773333333331,25.158086573190186,21.960582637012056,83.2029786847173,0.3862688963694185
Acre,2015-06,0.3925185754547785,987.6074814245452,0.0,26.75885216500128,21.924532410965924,76.65898027158596,0.4668501920614598
Acre,2015-07,0.6925954394055858,987.3074045605945,0.0,28.409274916730716,21.943287214962847,70.28234691263131,0.823008962868118
Acre,2015-08,0.9975915962080454,987.002408403792,0.0,30.086753779144246,21.962349474763002,63.80117858057905,1.1850064020486557
Acre,2015-09,1.2976684601588522,986.7023315398412,0.0,31.737176530873683,21.981104278759926,57.42454522162439,1.5411651728553137
Acre,2015-10,1.5045909458207685,985.8625128106585,1545.8109452736317,30.27035964890531,21.773755919763953,62.58696577487954,1.8939938801921992
Acre,2015-11,4.799999999999999,983.6186111111111,1457.93807106599,26.61611111111111,22.33736111111111,79.23194444444445,1.8894444444444445
Acre,2015-12,4.6852941176470555,985.3133064516129,1420.2832923832934,25.75537634408602,22.34731182795699,82.76881720430107,1.6756720430107528
Acre,2016-01,2.4258064516129028,984.2920698924731,1312.969926650366,26.30672043010753,23.21518817204301,84.06854838709677,1.7799731182795697
Acre,2016-02,3.539999999999997,985.0173850574712,1299.7271276595743,25.761781609195403,22.98505747126437,85.55316091954023,1.5586206896551724
Acre,2016-03,1.4000000000000008,986.349857576206,912.0302564102564,25.38795378317056,23.068391166025453,87.78730146986288,1.1462895827167798
Acre,2016-04,0.0,987.431461176997,0.0,24.03673081226225,23.008961736406356,93.73461624524502,0.603692101141195
Acre,2016-05,0.0,988.1194003132691,0.0,23.954833296039382,22.63223316178116,92.09666592078766,0.9968001790109646
Acre,2016-06,0.0,988.8073394495414,0.0,23.872935779816512,22.255504587155965,90.45871559633028,1.3899082568807342
Acre,2016-07,0.0,989.4952785858135,0.0,23.79103826359365,21.878776012530768,88.8207652718729,1.7830163347505035
Acre,2016-08,0.0,990.194495412844,0.0,23.707798165137614,21.495871559633027,87.1559633027523,2.18256880733945
Acre,2016-09,1.1,989.8298525335025,1562.5067567567567,24.1576002274931,21.147822157579373,83.59367121652869,2.370630019144228
Acre,2016-10,5.929999999999998,984.355376344086,1474.5660049627782,25.967405913978496,21.309677419354838,77.45833333333333,1.5402553763440858
Acre,2016-11,2.5230769230769234,983.2079861111112,1405.4554597701156,26.46562499999999,21.820555555555558,77.44236111111111,2.003958333333331
Acre,2016-12,2.907058823529424,983.95625,1339.0040871934602,25.443817204301073,22.238104838709674,83.4206989247312,2.0315188172042986
Acre,2017-01,2.573949579831931,985.2194220430108,1065.3601226993862,24.45806451612903,22.20907258064516,87.84543010752688,1.6759408602150538
Acre,2017-02,2.6457831325301178,984.6390624999999,1246.959890109889,24.852529761904766,22.256696428571427,86.43824404761905,1.762797619047619
Acre,2017-03,2.379166666666665,984.9675403225806,1198.8785536159603,24.89106182795699,22.349193548387095,86.6491935483871,1.4161290322580644
Acre,2017-04,2.6740740740740674,985.7651388888889,1196.1187845303857,24.811805555555555,22.162986111111113,86.05694444444444,1.7213194444444453
Acre,2017-05,2.081249999999988,986.065188172043,1163.0853018372707,25.537836021505367,22.730913978494623,85.34139784946237,1.2652553763440877
Acre,2017-06,4.050000000000001,987.5165972222221,1240.6272727272733,24.217499999999994,20.38638888888889,80.43472222222225,1.446458333333334
Acre,2017-07,5.733333333333333,989.3736307123655,1736.4125714285708,25.657930107526873,17.56219758064516,63.95539314516129,1.8021169354838713
Acre,2017-08,1.0952380952381204,986.2922295026881,1820.7441379310355,28.70799731182793,19.58175403225806,59.70656922043006,2.115961021505373
Acre,2017-09,3.978947368421052,986.1790277777778,1378.429032258064,26.27631944444444,20.493194444444445,72.68055555555556,1.662638888888889
Acre,2017-10,1.92,984.3149193548386,1704.8048076923073,27.821370967741935,20.265994623655914,64.58333333333333,1.9119623655913978
Acre,2017-11,0.0,984.4,0.0,28.0,19.9,62.0,1.7
Acre,2017-12,0.0,984.4,0.0,28.0,19.9,62.0,1.7
Acre,2018-01,0.0,985.6,0.0,26.1,21.9,78.0,0.6
Acre,2018-02,0.0,985.6000000000001,0.0,26.1,21.9,78.0,0.6
Acre,2018-03,0.0,985.6,0.0,26.1,21.9,78.0,0.6
Acre,2018-04,0.0,985.6,0.0,26.1,21.9,78.0,0.6
Acre,2018-05,0.0,985.6,0.0,26.1,21.9,78.0,0.6
Acre,2018-06,0.0,985.6,0.0,26.1,21.9,78.0,0.6
Acre,2018-07,0.0,985.6,0.0,26.1,21.9,78.0,0.6
Acre,2018-08,5.236363636363637,986.933064516129,1369.5440476190477,25.101478494623656,20.089381720430108,74.96370967741936,1.2916666666666667
Acre,2018-09,3.0562500000000004,985.1965277777778,1593.7841191066998,26.302777777777777,19.70736111111111,70.03472222222223,2.1065277777777776
Acre,2018-10,3.4367346938775496,984.4649865591397,1401.2031553398047,26.006384408602152,22.016733870967744,80.25806451612904,1.8551747311827953
Acre,2018-11,1.6,984.7916666666666,1551.8084745762708,26.52638888888889,23.06472222222222,81.44722222222222,3.9936111111111114
Acre,2018-12,0.0,985.0,0.0,26.5,23.2,82.0,4.3
Acre,2019-01,2.0,997.7,0.0,30.3,21.2,58.0,0.5
Acre,2019-02,2.0,997.7,0.0,30.300000000000004,21.2,58.0,0.5
Acre,2019-03,2.0,997.7,0.0,30.3,21.2,58.0,0.5
Acre,2019-04,2.0,997.7,0.0,30.3,21.2,58.0,0.5
Acre,2019-05,2.0,997.7,0.0,30.3,21.2,58.0,0.5
Acre,2019-06,2.0295154185022026,996.7973611111111,1252.6026490066217,28.455,21.36402777777778,66.89583333333333,0.5061111111111111
Acre,2019-07,5.133333333333334,996.6387096774193,1331.9960297766756,23.797983870967744,19.613172043010753,79.88037634408602,0.5633064516129033
Acre,2019-08,1.2999999999999998,997.5284274193549,1482.1755154639177,24.816196236559136,17.476612903225803,68.21639784946237,0.642405913978495
Acre,2019-09,3.7862068965517244,995.8119444444444,1409.032142857143,26.973194444444445,21.295694444444443,74.25972222222222,0.6865277777777778
Acre,2019-10,3.5874999999999972,996.2442204301075,1331.9189320388346,25.66478494623656,22.083198924731185,82.16733870967742,0.6710349462365591
Acre,2019-11,4.992207792207788,994.6059722222222,1160.1590361445787,25.854999999999997,22.668194444444445,83.83055555555555,0.6290277777777777
Acre,2019-12,4.982417582417579,995.4306451612904,1196.058554216868,25.766532258064515,22.953225806451613,85.42069892473118,0.6257392473118281
Acre,2020-01,2.1333333333333337,995.7620967741935,1251.7517899761328,26.595698924731185,23.17190860215054,82.72446236559139,0.7038978494623657
Acre,2020-02,3.840506329113923,996.3409482758622,1171.7799479166654,25.792887931034482,22.969468390804597,85.36709770114942,0.6767959770114942
Acre,2020-03,3.299999999999991,993.7995295698925,1205.0692810457515,29.260819892473116,24.07896505376344,74.5739247311828,0.6270161290322581
Acre,2020-04,0.0,992.0,0.0,31.2,24.6,68.0,0.7
Acre,2020-05,0.0,992.0,0.0,31.2,24.6,68.0,0.7
Acre,2020-06,0.0,992.0,0.0,31.2,24.6,68.0,0.7
Acre,2020-07,0.0,992.0,0.0,31.2,24.6,68.0,0.7
Acre,2020-08,0.0,992.0,0.0,31.2,24.6,68.0,0.7
Acre,2020-09,0.0,992.0,0.0,31.2,24.6,68.0,0.7
Acre,2020-10,0.0,992.0,0.0,31.2,24.6,68.0,0.7
Acre,2020-11,0.0,992.0,0.0,31.2,24.6,68.0,0.7
Acre,2020-12,0.0,992.0,0.0,31.2,24.6,68.0,0.7
Acre,2021-01,0.0,0.0,0.0,0.0,0.0,0.0,0.0
Acre,2021-02,0.0,0.0,0.0,0.0,0.0,0.0,0.0
Acre,2021-03,0.0,0.0,0.0,0.0,0.0,0.0,0.0
Acre,2021-04,0.0,0.0,0.0,0.0,0.0,0.0,0.0
Acre,2021-05,0.0,0.0,0.0,0.0,0.0,0.0,0.0
Acre,2021-06,0.0,0.0,0.0,0.0,0.0,0.0,0.0
Acre,2021-07,0.0,0.0,0.0,0.0,0.0,0.0,0.0
Acre,2021-08,0.0,0.0,0.0,0.0,0.0,0.0,0.0
Acre,2021-09,0.0,0.0,0.0,0.0,0.0,0.0,0.0
Acre,2021-10,0.0,0.0,0.0,0.0,0.0,0.0,0.0
Acre,2021-11,0.0,0.0,0.0,0.0,0.0,0.0,0.0
Acre,2021-12,0.0,0.0,0.0,0.0,0.0,0.0,0.0
Acre,2022-01,0.0,987.9,0.0,32.5,21.9,54.0,0.1
Acre,2022-02,0.0,987.8999999999999,0.0,32.5,21.9,54.0,0.1
Acre,2022-03,0.0,987.9,0.0,32.5,21.9,54.0,0.1
Acre,2022-04,0.0,987.9,0.0,32.5,21.9,54.0,0.1
Acre,2022-05,0.0,987.9,0.0,32.5,21.9,54.0,0.1
Acre,2022-06,0.0,987.9,0.0,32.5,21.9,54.0,0.1
Acre,2022-07,0.0,987.9,0.0,32.5,21.9,54.0,0.1
Acre,2022-08,0.0,987.9,0.0,32.5,21.9,54.0,0.1
Acre,2022-09,1.4,989.2884722222221,1362.5448275862057,30.594583333333333,21.110972222222223,58.584722222222226,0.37097222222222226
Acre,2022-10,4.343396226415093,991.6905913978495,1421.0364077669897,26.428360215053765,21.803629032258065,78.00403225806451,0.6377688172043011
Acre,2022-11,3.4979591836734683,991.8073611111112,1382.5940758293823,25.81972222222222,20.284166666666668,74.68611111111112,0.5480555555555556
Acre,2022-12,5.679999999999995,990.8943548387097,1323.7632603406328,25.808467741935484,22.0752688172043,81.3225806451613,0.5766129032258065
