State,Date,Precipitation (mm/day),Atmospheric Pressure(mB),Global Radiation - Daylight (Kj/m²),Air Temperature - Dry Bulb (°C),Dew Point Temperature (°C),Air Relative Humidity (%),Wind Gust (m/s)
Amapá,2009,2.0163294797687774,1010.1575114155252,1243.9172179813386,25.44392694063927,22.497083333333336,85.41609589041096,1.06236301369863
Amapá,2010,2.416689466484254,1009.7259931506849,1241.5821816501018,25.930405251141554,23.251586757990868,86.54223744292237,0.9803082191780822
Amapá,2011,0.2907152682255848,1009.4730079908677,1282.6487296416942,26.286883561643837,23.629286529680364,85.75867579908676,0.8831107305936075
Amapá,2012,1.9465003465003368,1010.1940516848817,1267.0170891423777,25.448958333333334,22.437249544626592,85.23884335154827,1.0006545992714027
Amapá,2013,1.5792106725958837,1010.3126312785389,1323.996906693711,26.41789383561644,23.834714611872144,86.41004566210047,1.1389212328767133
Amapá,2014,1.1972413793103407,1010.6620833333333,1254.5450683176766,25.414754566210046,23.014994292237443,87.14052511415525,1.0167979452054794
Amapá,2015,1.9784753363228669,1010.8780993150685,1308.94318026045,25.915131278538816,23.3111700913242,86.31706621004567,1.0575913242009134
Amapá,2016,2.2673297628156037,1010.6997780054644,1249.3127498422057,25.927219945355194,23.278808060109288,86.31699681238615,0.9633424408014571
Amapá,2017,3.5211781206171158,1010.1966609589041,1163.3366098733068,27.03343607305936,23.28323630136986,82.0847602739726,1.040222602739726
Amapá,2018,2.3841995841995898,1010.5483675799086,1332.3002055076042,24.75909817351598,23.21390410958904,92.33778538812786,0.8083219178082192
Amapá,2019,1.9526140155728655,1010.8081506849315,1070.6856181665257,24.670399543379,23.509189497716896,94.03595890410959,0.8905022831050229
Amapá,2020,0.0,0.0,0.0,0.0,0.0,0.0,0.0
Amapá,2021,0.0,0.0,0.0,0.0,0.0,0.0,0.0
