State,Date,Precipitation (mm/day),Atmospheric Pressure(mB),Global Radiation - Daylight (Kj/m²),Air Temperature - Dry Bulb (°C),Dew Point Temperature (°C),Air Relative Humidity (%),Wind Gust (m/s)
Ceara,2004,2.399354005167968,1009.117213114754,5669.191161356629,27.11040528233151,21.705606785063754,73.45918715846994,3.0997552367941714
Ceara,2005,2.035151515151515,1008.7826883561644,15805.009466437177,27.24855593607306,21.755085616438354,72.9527397260274,3.002716894977168
Ceara,2006,0.4101215469613548,1012.5521917808219,0.0,27.287163242009132,20.389012557077624,66.263299086758,3.283630136986301
Ceara,2007,2.2634343434343505,1009.1161529680365,0.0,26.8937100456621,21.410159817351598,73.05953196347032,2.9159132420091325
Ceara,2008,1.1632499999999997,1007.5349271402551,1538.5779527559048,27.134585610200364,22.01464025500911,74.2984403460838,2.6537283697632055
Ceara,2009,2.6204241071428567,1009.0129965753424,1410.9699913457396,26.66440639269406,21.78420091324201,75.75148401826485,2.25691210045662
Ceara,2010,1.9169811320754628,1009.0358504566211,1522.4977206595568,27.868470319634707,21.16087899543379,68.31803652968037,2.8362100456621
Ceara,2011,1.9814942528735724,1008.6501712328767,1252.399108571429,26.86283675799087,21.718647260273972,74.63253424657535,2.387939497716896
Ceara,2012,2.219891008174392,1009.405225409836,1379.8613524502452,27.24652777777778,21.237579690346085,70.89332877959927,2.8898565573770494
Ceara,2013,1.8044000000000036,1009.23399543379,1312.9078633182387,27.482671232876715,21.75541666666667,72.11278538812785,2.827054794520548
Ceara,2014,1.9525547445255507,1009.6608047945206,1229.6690556997435,27.24823630136986,21.203767123287673,70.52106164383562,2.68537100456621
Ceara,2015,2.2053962900506,1010.0154908675798,1266.6407679738563,27.234594748858445,21.208595890410958,70.81929223744292,2.6851655251141553
Ceara,2016,1.3579579579579617,1009.7591700819673,1392.8221672555992,28.184562841530052,21.313143214936247,67.4931693989071,2.3265027322404372
Ceara,2017,2.2772292993630665,1009.4382705479452,1185.8328292877027,27.28785388127854,21.393687214611873,71.54115296803653,2.438082191780822
Ceara,2018,2.5045901639344406,1009.521894977169,1192.4806616295707,27.127494292237444,21.385405251141552,72.13087899543379,2.2962157534246574
Ceara,2019,1.924145299145303,1009.8657477168949,1296.4234231731016,27.41716894977169,21.655553652968035,71.84200913242009,2.364686073059361
Ceara,2020,2.542424242424251,1009.3650387067395,1066.2376737381105,27.25118966302368,21.760644353369763,73.27373633879782,2.2831853369763206
Ceara,2021,2.14061930783243,1009.022037671233,1194.2930052867048,27.756792237442923,21.553578767123287,70.24566210045663,2.6331050228310504
